694 -780
700 -876
-326 -151
685 -636
679 -540
-293 -679

354 -289
89 -79
256 -166
131 -196
-774 -809
-519 -623

-386 -83
404 -83
-408 -117
-162 -348
128 -88
296 -30

-36 -13
-29 -45
-7 5
11 -2
47 -16
-18 -20

-5 -4
0 1
0 15
-10 14
-5 10
0 -8

-357 512
-252 357
23 -60
-29 14
0 14
1 -26

3 2
4 1
5 1
8 17
-4 -32
19 62

70 69
92 -71
30 -53
-50 30
44 -43
30 56

17 -6
953 -623
-662 442
-18 29
22 14
13 27

-2 29
23 -62
23 -2
-52 31
-27 60
-27 0

-4 -1
-26 19
-16 9
30 -33
-17 11
39 -41

99 30
-4 -67
-84 -45
19 52
80 77
76 -89

-1 5
0 0
1 -2
-3 0
5 -1
2 -1

88 33
-19 -9
365 142
0 -1
1 5
5 0

72 -43
-41 72
56 -55
40 -67
24 -79
-57 60

11 -1
-13 18
-9 0
-16 -13
4 -14
0 4

-131 0
923 553
0 69
-62 41
-30 64
31 99

3 2
3 0
-3 -2
3 3
-3 2
-3 0

-21 -977
502 -74
460 -116
792 676
193 -843
384 -332

-4 1
5 -1
-3 0
1 3
2 2
-2 -1

-5 1
-2 0
0 0
-4 2
3 -1
-1 1

442 239
-470 514
609 373
-782 -24
541 -976
-982 247

3 -5
-4 -1
5 1
11 -11
-1 8
9 -12

-3 43
22 -28
6 12
-36 -36
10 36
-43 -44

-18 -59
-150 -369
10 7
2 -4
0 3
4 5

381 -838
286 424
273 960
-574 41
-242 -373
159 -977

22 30
28 -98
14 14
-75 -50
74 62
64 62

1 4
-5 -2
1 5
36 49
14 19
5 7

65 -210
-133 420
-47 424
-317 -212
622 -335
114 -327

218 -106
596 -205
-40 -40
-11 25
-27 15
-30 -24

-822 851
23 236
949 -462
138 75
303 -262
118 239

-23 1
-26 7
-28 -2
-35 -1
-40 -4
28 29

-921 387
413 -811
203 -544
259 -41
-101 -464
-127 -204

-3 -2
-2 0
1 4
-4 -4
0 2
-1 1

-2 -14
131 -913
-39 236
-5 1
2 2
3 4

35 -13
-11 -33
20 -22
-17 9
-28 -28
-27 -35

-4 2
-4 -2
4 2
0 -2
2 4
-5 -1

-393 -358
223 -592
-463 65
322 245
-482 29
-172 416

182 -265
-289 364
-271 734
-412 105
302 31
-421 -154

-52 -85
-63 -58
39 13
-9 39
15 26
-28 -98

49 -48
1 -12
-34 30
-14 36
15 -27
-2 36

-284 972
-98 501
51 164
-47 -60
50 -35
45 41

33 70
-7 -49
-35 -133
14 14
6 -14
19 28

146 193
-188 -540
432 787
-144 -392
-287 -667
251 289

-466 1
-906 441
217 -700
379 -250
-221 -46
-501 36

-1 -2
-1 2
2 -5
-3 -15
-11 -49
7 29

26 -28
6 18
-14 28
169 147
-5 -2
-11 -3

2 -6
-3 9
0 1
11 -5
-1 2
12 -6

-24 -20
-8 23
-19 34
-25 -19
18 -3
50 24

-1 -2
5 1
1 3
-448 549
-114 141
-6 9

-20 -1
-14 -16
-20 5
16 -11
-8 3
-2 -2

68 536
128 731
133 914
613 -395
-22 -205
-205 -166

961 -510
-95 55
19 -6
1 4
5 5
-5 1

-969 -978
16 -200
461 86
161 -454
-11 -368
471 -234

49 37
-37 7
-13 4
0 -18
-50 29
24 -21

96 40
69 100
-6 -56
-63 122
-111 224
-27 227

-43 -2
906 -443
997 -485
44 -41
-42 -14
35 -35

0 3
-2 2
-1 3
-2 3
2 0
-1 2

67 99
70 76
-7 95
11 -43
91 -85
8 -20

-427 -474
-444 27
-466 -378
463 -369
424 -273
38 218

-7 8
11 8
-30 -15
-26 18
22 -69
472 -876

11 11
14 10
-5 0
-13 19
0 -18
-8 1

124 -131
-5 4
15 -17
-5 -3
2 -2
4 -3

2 8
10 -10
11 -14
-4 -10
-6 -16
4 7

129 -153
866 -226
-741 110
912 -159
-825 230
961 -245

31 170
-269 -126
-302 -151
-14 -43
79 46
70 13

5 -1
-4 1
-1 -5
122 139
12 -5
85 91

-11 -24
-12 -29
-2 -27
-19 -15
-654 309
804 -435

2 5
0 3
-5 -4
2 1
-1 -4
3 4

971 156
58 -763
594 -11
597 -610
-51 -554
717 -321

3 -1
3 1
-1 1
-5 5
-5 4
3 2

80 9
81 29
-93 -71
64 -6
-27 -16
-92 14

7 6
-11 -15
-1 6
4 -15
-13 -8
11 -8

-30 -34
-45 -1
5 -15
-50 10
-50 -8
30 29

15 10
15 13
11 -12
12 -5
11 -15
14 3

981 406
-991 -932
-845 -914
128 52
88 -152
941 202

-13 -17
16 -22
17 13
-59 6
905 -26
-121 7

-567 -181
221 -247
662 -37
296 187
-446 -344
478 55

122 34
-4 -14
-709 -281
4 -1
22 -25
-11 30

-1 -473
173 -422
434 343
82 -100
252 393
29 451

13 -141
-4 -17
-76 507
5 5
3 2
-5 0

989 508
84 -116
608 34
270 -28
-829 -499
-696 -616

-7 -9
-9 -10
9 12
-3 -7
4 3
7 11

30 -34
56 21
70 47
-59 29
90 64
-100 20

-569 -348
-492 161
-744 -271
-896 -747
-705 44
-722 471

537 780
49 -357
-148 -995
-88 -712
-28 -429
477 497

1 82
-46 26
-41 86
528 -9
-916 237
192 50

-7 -18
-26 3
-23 -18
-254 -362
22 38
-71 -98

-1 0
-2 3
-3 4
2 -2
0 0
4 -5

55 37
-25 17
58 28
-26 19
-9 30
-3 -12

-17 -94
-55 -19
97 65
21 87
21 -41
-93 -72

13 2
-45 25
20 0
-5 -4
3 5
-2 5

128 164
208 217
-65 -171
-866 -719
7 -627
159 -592

27 58
-64 71
-36 34
20 149
-71 -241
146 656

-99 11
41 -68
42 -75
1 -53
50 -78
12 -77

67 -79
-38 -4
85 -25
26 97
-1 16
65 -46

25 48
-847 -894
749 637
-123 -305
169 107
-699 -541

18 -6
11 -2
18 0
-13 16
20 7
-3 12

-2 -3
5 0
-5 4
7 -7
609 -629
-327 338

-75 -90
26 18
28 33
265 -707
-42 78
41 -130

74 -31
-90 56
-18 -75
-463 -354
-101 150
-328 -124

32 50
4 46
8 1
22 3
-17 43
50 7

404 -473
699 -8
834 335
818 -412
788 588
837 235

22 -20
-47 28
8 -9
1 -18
36 -2
48 1

-2 2
-1 1
1 5
144 -202
8 -11
290 -407

677 -793
298 -346
-9 16
-5 -2
2 0
-3 3

-541 927
440 761
-589 929
136 11
2 167
-261 518

-30 18
-32 21
-15 -2
-22 8
-41 36
-13 -5

-167 -83
527 189
-154 -78
34 -4
-23 -31
-67 -53

-4 5
1 0
2 4
-28 38
-13 13
-3 -2

47 -2
80 48
-81 -90
-121 -122
952 288
144 -24

292 733
-350 -200
-851 -968
-2 -150
-86 -33
-221 -150

-42 461
645 -498
76 -357
-493 -216
-705 420
299 -475

-5 5
10 -2
10 -7
10 3
-5 0
5 -3

-12 17
74 -69
18 -61
-269 226
-353 326
-95 68

352 155
-967 -94
-978 -17
330 309
341 232
-956 -171

405 -596
219 96
-315 -82
-271 -1
564 -683
552 -191

37 -52
934 404
146 4
11 -96
-65 -60
-63 -54

893 866
-970 -848
-94 -40
-1 44
8 92
-96 -36

-9 29
18 9
7 14
207 -31
47 2
-28 18

-41 38
-41 35
155 75
8 -24
-6 -17
6 19

732 -654
403 -210
385 -201
-232 741
788 -852
441 -315

29 14
-42 27
-27 32
-2 22
-32 12
-40 -9

248 -299
743 -229
720 549
525 -211
-40 -120
770 434

4 -45
9 14
14 33
-31 22
-6 12
-21 10

912 -126
500 -501
-982 316
-447 -280
-570 691
377 470

-401 -28
-609 -692
970 -12
-434 55
483 -902
967 -418

73 80
49 28
-77 43
7 -63
-89 17
-65 69

-138 205
-535 978
-155 229
400 -342
417 -366
-427 613

-356 -91
242 -55
-339 -108
441 -243
414 -281
200 -183

5 69
-15 80
37 22
70 70
96 13
72 43

-63 292
-31 -252
-230 -184
-335 394
-113 309
-251 -116

967 117
522 -71
374 -490
234 -271
169 43
-230 -470

218 712
-177 -39
-392 -426
-12 94
88 74
38 -2

-36 17
168 159
809 622
11 49
-84 92
-29 31

45 24
-10 -37
24 -16
37 -35
-49 20
-36 1

-364 -938
27 169
168 571
-16 83
-21 93
-52 -64

0 -4
1 -1
2 5
0 -1
-5 -4
-4 -4

-112 -145
720 941
-11 -13
-14 -11
-18 -10
16 16

-74 -59
-20 -74
-59 -100
19 3
-20 -23
-50 -94

-18 -22
-16 12
18 -22
-365 86
19 -34
-4 -30

-1 0
-4 1
5 2
-4 -3
-1 -2
5 4

44 -296
466 -114
736 120
896 506
440 26
-286 -847

-3 5
-5 3
3 -1
391 -269
-136 96
20 -12

-176 -104
-529 -359
465 359
-16 7
-71 -47
0 23

941 -516
-165 688
293 596
722 -443
-652 -970
316 -926

-37 -722
-6 899
-252 643
-129 771
332 -338
86 -594

-68 -37
-6 -20
-43 -41
-8 88
-19 9
-18 -45

34 -750
-936 935
-770 688
55 -484
-449 -68
-252 -151

-36 -40
-25 -28
-13 -2
-35 -26
-46 -38
10 36

-3 0
-2 0
2 4
-1 1
-1 2
3 4

-84 889
-246 406
138 -955
732 816
570 333
-408 -77

862 541
-946 302
-420 399
571 31
220 115
385 217

-11 0
-7 10
14 10
19 -9
9 -13
-1 4

-808 23
750 606
-812 279
-802 -361
746 862
-798 -617

466 -162
-407 -195
-412 -200
301 89
660 -384
489 -147

54 -158
626 -964
-48 -22
34 68
-44 45
-70 94

-373 343
-92 -195
148 -387
13 786
-98 -957
9 46

-7 1
-7 -7
-4 -10
-4 -8
-8 -4
-3 -3

-313 -491
-977 275
-725 -470
-565 254
697 -634
923 -554

5 4
2 4
-3 2
-5 0
1 3
-5 1

21 -18
15 6
-7 17
-278 -194
-406 -284
-57 -35

-110 57
-610 299
-19 13
-3 1
1 2
-1 -4

365 -563
-583 291
963 389
531 -484
-819 327
539 558

-178 -175
168 -344
10 -198
-256 47
469 -225
306 -131

170 -464
-337 984
28 -58
6 24
7 -10
13 12

-414 -44
-510 -301
226 540
322 313
-30 -226
-222 -212

158 -699
-632 -606
5 -749
972 -460
-755 -241
-210 -279

-165 -695
-55 -71
-495 -178
-555 -84
-38 -18
-432 440

-42 473
-377 -204
-357 -145
627 2
749 43
-462 -415

-1 -27
19 33
-16 42
-34 -33
-37 42
-3 -48

-468 466
-913 481
-966 538
-343 489
-223 592
-493 565

216 97
293 -966
904 577
422 -876
329 428
-198 -444

241 -978
273 309
273 62
257 -30
289 382
257 -277

54 -28
-48 -29
-27 -71
485 -398
374 -284
181 -47

428 869
718 80
520 971
872 -997
926 812
942 -544

208 -41
136 -53
669 -25
-59 -38
14 35
-42 39

-20 3
-506 891
-181 299
15 9
-5 -27
-13 3

-15 -88
13 -17
-41 -62
-94 -123
-51 -109
17 -27

-1 5
-5 2
-1 -3
243 -231
4 -4
320 -304

-16 10
18 -4
-2 6
6 -1
26 -11
34 -18

152 48
227 41
-709 177
70 98
-44 60
22 50

-3 8
-165 565
70 -243
0 -2
-5 -5
-2 -3

-39 35
398 -431
-540 569
20 -26
24 26
22 -27

5 1
-5 3
-4 -1
4 19
-115 -649
117 653

109 -470
-176 -219
38 -279
-68 264
-282 324
217 13

-9 -4
-75 -46
-22 -12
3 5
0 -1
4 1

-38 912
67 982
-882 -504
994 -224
832 -148
165 718

-862 569
733 888
-542 745
-480 -592
-416 -744
150 703

-118 -322
402 250
-282 157
-343 -334
326 -493
-488 213

80 -94
-34 64
-32 -3
94 -40
0 -29
-18 51

354 -209
-47 -1
44 -49
-27 -1
-21 3
14 -27

7 -14
11 -10
-22 29
592 373
12 9
-231 -144

33 26
24 21
1 -42
34 14
-18 -40
0 -30

-385 237
74 215
151 -307
-251 101
-308 -285
285 -443

2 -2
-4 4
0 2
-1 -2
4 0
3 2

-51 -668
-503 202
-89 -650
-490 235
-250 -23
68 -261

-42 -4
-6 29
-48 -1
12 20
3 16
3 50

7 1
1 -5
-2 -1
-6 -7
-7 12
-4 -3

-4 -2
2 4
-2 2
-1 0
-5 4
-4 0

283 695
-658 -766
-902 -524
-780 -645
166 469
39 937

-566 -391
599 210
-884 -628
302 15
-251 -211
-34 -276

-4 8
-19 9
-19 14
1 -6
6 1
-9 -5

39 -54
17 -60
16 -48
18 -16
8 -6
5 -30

88 -130
32 -340
256 -485
-264 120
-515 474
-596 808

-251 135
807 -53
-308 127
-551 -74
-655 11
-515 81

98 -48
55 30
75 -86
93 -19
47 -95
37 -37

-78 560
-990 843
598 281
454 207
-78 -41
223 218

38 75
-76 -89
-41 45
-86 43
-21 79
85 -9

131 -132
185 -362
69 102
44 13
-30 -66
58 6

-27 4
0 7
22 12
-168 594
9 -15
-124 443

31 93
9 96
81 32
53 90
75 87
59 35

-202 95
22 -38
268 -185
-21 -17
7 -23
-14 -11

-39 30
38 -44
-19 0
32 48
18 -14
1 -30

291 91
-118 -158
402 -253
656 -256
-55 61
-69 304

51 -886
-330 743
-153 20
-94 13
52 -3
-47 96

2 -5
2 3
-4 -5
5 -2
0 5
-4 1

-34 -13
43 11
-70 20
-102 11
-550 112
849 -211

-19 9
-13 9
11 -40
17 -40
-8 9
-2 9

-20 -59
42 -71
23 -67
6 -69
-26 -28
-78 38

-6 -45
32 14
-29 -9
-18 -12
29 -5
9 50

-185 -8
-918 -657
343 110
-567 877
-621 641
397 346

-29 -17
18 26
8 12
13 41
39 77
158 233

-741 -933
6 59
-735 -926
5 -27
-27 0
14 -12

-71 -90
618 366
-943 -570
-132 322
278 90
32 66

-830 362
-584 -67
-698 670
-198 165
-491 150
-879 582

8 -21
28 49
76 55
56 -6
364 844
-96 -436

47 92
-69 -28
42 2
80 30
-85 -70
-25 26

57 92
11 19
-79 10
-32 57
-57 -22
7 -66

0 -5
-9 -2
-14 6
1 1
-8 4
-7 10

44 47
354 313
-786 -681
74 66
84 26
-16 -64

-47 36
10 -13
-8 5
-13 -14
-40 -19
-4 -7

193 -3
533 -29
94 0
40 21
7 6
-79 14

946 618
-219 -778
-572 -558
-87 362
708 -181
499 904

108 -4
-16 36
-28 41
11 23
14 28
-14 28

-142 -316
742 48
152 236
-563 379
510 342
683 -19

-11 -7
1 2
-4 0
-15 -10
0 3
12 12

16 -20
62 -100
-5 16
2 -5
5 -4
2 3

76 -199
217 96
327 453
94 -235
-170 -284
-465 -271

770 -426
167 32
-10 -483
-187 -998
-530 -521
250 -464

-153 -722
-44 -25
62 711
-17 98
25 -77
49 -26

-16 -29
-19 -13
-21 -9
-133 323
-10 -45
-153 383

4 -5
4 1
-2 -4
10 -19
86 -89
-72 57

-88 65
-64 -131
-34 -391
-11 -1
97 4
-83 -1

473 27
-259 -154
297 101
-201 66
92 65
-83 -228

967 -616
334 607
310 631
-975 148
-560 877
-655 676

-30 33
-13 19
-72 45
-11 -25
24 13
1 -1

5 -3
-2 2
3 0
-3 -2
2 -4
-5 1

9 -28
10 -30
-27 3
-52 26
-90 59
-577 483

13 -4
-11 -3
-5 10
-10 8
-16 -5
8 -6

-730 926
-23 -127
-454 -190
138 -778
-671 236
79 -88

-188 78
-421 38
-199 212
-611 -333
-361 -30
43 333

-85 -898
150 286
891 989
72 212
656 -195
813 915

-699 -864
-907 496
-560 855
-631 -800
778 753
-826 -627

180 -427
-925 -271
305 -439
-450 -307
330 5
355 7

-88 8
-7 -39
23 21
-131 -265
-234 -592
-33 107

-552 -801
-39 506
201 536
520 -667
280 -697
393 560

-163 -500
-298 985
-175 -744
99 2
-308 -297
-371 -468

-17 17
-90 -20
32 -10
75 -53
62 70
38 6

-119 375
-241 662
32 21
53 36
-59 53
42 39

32 -99
-4 32
-37 11
-70 -10
65 -78
98 -57

22 -28
68 93
18 73
32 -24
26 99
76 -71

-420 24
-168 11
381 -42
-6 52
171 84
-492 -71

-255 -159
-318 37
-157 257
-416 -379
170 321
-398 -435

375 -618
123 -110
-396 916
99 -64
-40 -8
61 -12

21 26
22 -9
15 7
14 6
592 905
341 515

-4 6
38 2
-22 8
-1 -5
1 -4
5 4

-657 -815
389 -693
418 -433
827 970
-274 415
166 393

-3 -12
-114 21
52 -29
19 -22
17 -4
23 -22

-195 174
-11 35
167 497
-63 657
-208 -123
-116 -385

2 1
-3 2
-3 3
2 0
-3 4
-3 5

-64 -952
-304 -436
-300 -213
76 391
-50 -770
-12 -861

74 -52
50 11
74 -76
26 50
-38 66
2 65

12 -11
16 45
12 24
-36 25
-1 25
16 21

23 -14
-24 4
-12 -12
-7 -41
-19 -25
-26 29

-462 976
973 302
-67 980
-607 286
183 294
-732 629

82 -12
-38 -51
46 20
-5 27
40 -82
-11 -75

-80 -76
590 54
136 -36
-71 -37
29 -57
-42 -30

24 10
8 8
-30 -21
806 700
0 0
-688 -598

588 39
-943 890
-270 897
91 -969
-560 437
493 -941

-934 160
-211 756
197 858
20 436
-773 739
587 433

-152 -230
-328 -268
5 -974
552 -78
93 -955
269 -917

-52 -59
41 -85
77 83
-31 39
95 52
-85 -98

5 3
0 -1
-2 -2
-1 0
-4 0
-5 1

42 51
-51 -73
-69 69
-900 -751
660 547
189 165

-20 2
-18 -16
-12 20
-19 -1
5 -5
2 -12

-94 4
24 62
-70 24
41 56
94 80
-17 48

25 -21
26 8
12 -28
45 41
0 -6
50 38

820 211
847 220
89 42
-94 2
20 19
38 4

28 -16
71 -49
-404 184
-12 32
88 94
-50 65

-8 2
-28 16
-10 26
58 -10
776 445
876 509

2 -3
3 -5
-5 2
-4 0
1 -1
0 1

287 53
37 456
-263 987
278 95
752 -616
162 294

-16 -8
-4 16
-13 2
-2 6
1 9
-8 16

10 14
-1 -9
0 12
5 -13
14 -6
1 7

37 -27
13 -16
34 -31
49 -11
10 -20
0 -19

77 -53
-42 86
-100 74
16 98
19 -65
-39 -77

39 45
93 131
67 91
8 -10
6 -12
-3 17

-21 -25
24 20
19 -1
-147 -169
-774 -817
-32 -49

63 30
32 39
59 -79
-30 57
1 48
90 -88

-87 -168
27 108
46 111
30 -24
84 -27
8 68

894 536
-971 402
682 854
-266 -143
492 237
-942 338

-133 263
97 167
358 68
282 145
-340 197
314 146

99 71
99 40
71 -21
-20 38
50 72
78 98

-1 -48
5 -13
2 -42
-9 -41
-40 12
-22 -21

1 4
-4 5
5 2
-5 8
-86 73
46 -33

7 33
19 48
-2 -26
-14 -41
-17 3
-5 18

335 740
-54 249
-812 469
704 29
726 417
-423 960

17 -129
19 -179
10 -20
4 -2
14 0
-12 8

805 -506
644 702
587 -914
-280 482
-851 168
426 294

25 -1
75 43
32 -7
69 40
761 690
-275 -284

-533 311
223 1
998 -538
-136 -73
620 -383
-155 156

10 14
23 -44
4 -48
-50 -29
-9 10
-12 -21

-54 76
364 -284
84 66
742 -396
-353 359
-786 616

-7 4
7 -10
12 -1
11 0
-11 8
-3 14

71 -199
370 -232
123 -303
518 508
483 213
638 680

-12 21
-14 21
-21 28
30 21
25 14
8 -7

251 22
13 -258
55 62
-521 296
-241 -404
-161 -374

147 7
34 19
-9 20
6 4
-15 3
-11 -16

26 -923
-501 368
-423 419
104 -872
-95 -675
295 -420

-3 -2
1 2
-3 3
2 0
-3 5
1 -3

-375 -264
748 15
343 -850
-178 -903
30 601
424 -677

-97 -63
46 78
-90 -36
39 51
18 -30
68 26

-125 -97
410 226
214 238
393 -440
172 -382
-249 44

440 792
-966 -916
150 452
-289 -81
-409 -276
-73 126

0 5
1 -3
4 1
0 -8
6 60
28 314

-663 569
-39 57
-187 177
-72 81
40 -15
61 -25

400 -198
-572 680
6 503
-542 -693
-940 -529
-972 327

32 26
-42 -33
38 15
-32 -27
40 -13
8 -3

24 16
19 8
24 21
29 33
29 32
4 -30

13 -22
-13 -20
6 -20
569 -82
-43 -15
-965 86

-539 -812
-297 -929
-631 -552
623 -10
759 -163
995 -45

-1 19
3 11
16 -1
6 -9
4 -1
-5 7

-100 -80
22 90
6 32
-58 42
-77 -42
-36 -90

-16 3
12 4
-14 2
-15 15
16 17
0 15

483 -739
67 -237
119 -293
-193 124
-241 211
23 -209

890 -474
-125 -738
-524 -878
-538 -755
674 -481
-134 -694

17 29
21 17
25 44
27 25
-12 -14
-2 -8

8 -7
9 -13
14 8
-15 -5
12 3
15 2

258 -581
-304 411
-853 970
-796 683
144 -7
201 -294

-13 3
332 -13
678 -29
4 -5
2 -2
4 3

208 -47
817 -116
23 -26
-14 13
-15 16
-10 -23

17 22
-25 22
-17 -4
47 46
834 33
-37 46

2 2
2 0
-3 5
2 -2
2 -4
-3 3

-48 -338
-376 -349
-22 -286
-344 -280
-960 -362
-849 -320

623 639
652 238
-421 399
-418 -992
-682 -884
103 407

47 -76
-3 39
-10 53
15 -22
21 -19
28 2

666 -805
138 -31
127 310
-864 571
383 -450
-376 309

-15 -69
-41 -56
902 -461
27 75
-43 -14
-64 -16

-166 -85
159 -282
-896 633
-56 -195
-276 157
374 -476

39 -3
62 -8
-670 292
73 -24
-11 -70
43 -79

-49 -36
21 -52
-3 -63
71 19
97 79
34 -22

193 -302
430 94
212 -343
283 368
233 87
294 85

28 -67
18 -75
80 -27
945 577
149 17
456 233

121 82
-565 138
211 -82
-500 -19
449 -574
1000 -783

-15 28
-2 32
-95 58
-781 -158
-972 -214
-93 40

-22 -43
5 63
35 69
20 66
-72 -53
-42 -47

-1 -2
-1 -4
3 -4
-3 3
-3 5
1 -5

37 -11
33 -45
32 -45
38 -11
-47 -45
-38 -41

-38 3
-55 69
56 27
-53 -36
39 93
-21 -63

3 -7
-8 10
3 9
5 -13
17 -18
-15 10

-554 -783
-575 -501
-971 269
-693 397
-386 894
-297 727

0 1
-3 3
2 -4
-507 876
-10 18
-233 403

-1 -5
2 -2
-1 -3
2 -4
0 -4
-1 -1

485 45
410 -306
106 472
-423 197
183 -268
435 -189

30 -5
48 -6
-1 25
-24 -2
-42 -1
-47 -29

351 -405
335 -920
327 535
315 -91
310 417
365 309

-13 -20
-7 4
-23 0
15 -41
-401 721
-277 493

767 677
494 435
795 683
-380 -56
-31 139
-223 17

850 -422
897 424
125 -638
41 334
887 244
652 982

-954 269
950 -243
-39 23
13 7
-5 -23
-7 -21

-5 690
-164 -984
-66 -111
-68 -138
102 -393
-411 228

-28 9
-10 33
47 -7
-43 47
11 3
20 -43

-128 179
-168 692
-88 -961
-422 140
168 -315
144 -339

165 635
877 -101
633 335
415 771
226 342
431 115

30 18
-39 29
12 17
-30 -15
-6 16
-9 1

178 85
68 409
310 -391
-19 148
-126 -64
0 96

-35 -2
-23 11
35 8
-34 32
23 -5
12 16

-6 14
8 -2
7 -1
-5 13
4 2
5 1

-145 97
-108 201
-292 -389
-114 172
-120 -306
-123 -96

100 117
-45 -267
426 983
46 -30
80 84
62 35

824 -185
-935 -76
-198 -99
-257 -16
87 -162
313 -142

529 955
-861 -273
-574 -142
91 854
121 472
544 764

9 -11
7 16
11 14
17 -15
5 4
1 19

-482 176
-18 289
170 -382
910 515
32 -774
634 -269

258 358
-36 205
-482 -152
122 200
75 534
16 172

-71 84
53 32
-5 93
-27 90
-70 -2
-43 -50

557 761
255 213
184 70
-36 59
38 27
100 58

-459 229
-177 65
-102 -408
99 -484
-258 153
126 -193

431 -401
730 -556
-633 24
-931 268
298 -691
643 -991

35 -129
253 61
-466 385
-404 -240
359 425
-189 219

-735 -271
284 -339
-765 -247
118 -393
-2 -297
-176 29

-741 -114
68 -597
-15 -392
773 692
-544 157
16 289

39 227
-389 170
-44 390
-292 -200
53 20
412 33

169 -587
-257 -145
-156 -62
-676 778
-894 884
-569 359

110 -810
716 -700
-32 584
-143 -547
501 909
-120 841

-33 91
-76 34
-92 4
-305 313
17 -83
-165 142

-19 30
-87 3
82 79
-2 3
18 18
21 -10

-27 -41
-24 27
-15 49
-22 42
2 -12
29 -50

3 -4
-3 -3
-1 -3
4 4
-2 -4
5 5

505 969
69 108
43 56
20 12
19 28
3 -2

-4 14
-5 14
-9 15
11 11
8 12
7 12

-12 -46
5 33
24 29
19 -25
7 -50
-14 37

369 -330
-410 -351
227 -362
-199 -458
-49 194
-122 23

956 855
60 26
-760 -732
4 -29
-19 0
14 -15

130 683
-84 -902
180 742
-228 -232
550 -627
-794 141

-250 796
67 142
-321 942
95 78
-5 -54
81 58

798 -693
14 -413
973 622
-16 737
603 958
857 -696

10 -6
8 -7
-11 1
-438 757
544 -920
-7 21

-331 -302
17 78
-902 -922
47 -17
59 86
55 -50

1 -4
12 5
1 -5
-10 -11
1 -3
12 4

-25 12
8 -21
27 -8
-32 59
3 22
-35 32

-3 3
2 -1
-5 3
759 -707
503 -469
19 -19

32 -53
-25 64
88 52
423 877
288 598
-85 -80

-670 542
401 563
13 509
-297 -255
10 476
230 838

28 -27
13 -16
-49 26
-10 0
-7 -10
-3 -6

248 -172
252 -255
263 -382
256 -203
263 23
266 62

161 -270
-40 771
-100 921
-448 -171
91 -300
367 -426

15 -49
-7 49
30 12
-33 37
14 47
32 -9

68 -52
74 20
-15 -62
-99 -84
73 8
-59 -97

-78 13
4 72
12 -46
-32 -42
-416 -355
420 300

-20 30
-19 2
1 9
44 -49
59 -100
47 -97

-386 -666
309 614
373 723
-211 -323
-79 -278
-118 -338

598 -482
613 -533
-327 -233
-234 -332
-252 -488
-434 348

7 -12
16 -32
279 -616
0 3
2 4
-4 3

-110 705
-956 -625
-439 280
-721 224
-533 40
-251 179

-76 -490
-891 -355
-746 -390
-773 -402
258 -262
-616 -372

110 383
-333 -24
-458 -56
4 258
-371 162
-390 255

-209 -738
-205 -425
-197 543
-203 231
3 311
58 339

41 -1
-41 3
31 -1
-12 -17
10 -9
-18 -21

-283 167
-407 20
-383 -230
-311 -67
-327 238
-199 -44

-7 -6
16 15
12 15
-16 9
11 -12
15 -12

5 1
2 -5
-3 -4
14 -2
60 -7
81 -10

291 955
-316 -974
-13 -11
-5 -4
4 2
-2 4

-71 12
43 -28
70 -46
-8 -63
85 -77
-11 -73

9 5
5 -11
12 -10
-3 11
8 1
-5 3

-633 548
14 -16
-407 351
-2 0
-1 0
1 -5

266 245
-297 0
145 6
224 796
-100 363
592 964

16 10
6 3
15 4
-13 -5
-1 14
-12 1

-7 -27
27 -34
-47 10
-19 33
-46 5
-40 -25

257 627
618 146
301 655
533 163
332 432
818 -374

19 17
-16 -7
11 13
986 -568
-41 43
-189 131

56 -38
0 102
244 -502
-6 6
15 -27
8 0

19 -22
11 26
-23 -7
-10 218
-27 1
-29 87

241 407
-932 713
944 273
-228 517
592 371
298 494

664 -757
841 -401
-26 253
-491 292
489 -618
-672 27

-468 146
284 20
-334 -721
-806 -485
-282 -922
802 -614

6 -15
-2 -27
5 1
29 31
259 511
-1 -31

-17 -21
380 401
-196 -166
160 -190
135 -121
-157 -34

-19 -8
-7 -15
3 -6
-18 -16
2 2
-9 1

0 -4
1 -5
4 -1
1 2
0 -1
2 -2

-27 -69
36 16
49 16
-17 -69
74 16
-4 -69

-108 -60
79 35
14 2
5 -3
3 -1
1 -1

-26 -74
-27 -14
10 -90
36 -118
35 48
17 892

-989 522
-857 466
217 518
754 61
226 768
418 384

375 -423
573 510
752 224
217 -636
-158 365
-293 129

51 36
98 99
70 17
111 108
43 110
102 139

-20 6
-37 29
-48 -8
-19 41
-7 20
19 48

-7 -11
6 -13
-5 -10
7 -4
4 -14
9 -3

-245 652
686 332
-540 953
935 -552
732 915
981 31

875 612
-432 118
512 398
-686 -170
167 402
421 690

-18 11
-8 0
-11 18
-5 6
14 -14
-19 13

-15 -4
-4 -8
-12 15
7 -12
-1 11
10 7

-489 616
-339 694
-181 876
142 859
250 931
-432 615

-14 7
0 -3
13 -11
6 -6
3 -5
-12 6

-3 -2
-1 -1
-1 5
-10 19
128 -213
-16 29

880 -574
973 -873
860 448
797 -786
714 -998
943 660

-831 -465
343 157
-337 -257
-61 -460
32 -357
-956 -773

-44 57
-7 12
-10 16
4 -5
1 5
5 -4

92 31
-29 53
-86 -69
85 1
743 456
31 -12

-390 -28
-12 143
-335 -108
288 27
95 -333
202 72

-29 -80
-9 30
-51 -73
-69 -76
-1 -6
-57 -26

-64 -29
-71 9
47 -69
-57 -67
40 -31
33 7

-74 415
17 -77
1 10
0 -5
1 2
-5 5

-72 54
-68 29
43 24
73 -62
35 -71
-22 -12

-3 -2
0 -2
5 -1
-4 -1
2 -4
1 -3

18 49
13 7
9 3
-646 -552
983 827
-72 -66

0 31
-23 -7
-43 -24
-24 27
45 18
-19 21

24 -28
25 11
17 -4
18 35
29 -31
11 50

7 1
15 11
-9 15
-11 4
11 -11
13 0

286 926
838 535
420 621
-207 750
704 840
-625 836

-20 22
42 -25
-18 22
43 -25
-42 22
-40 22

-40 49
30 -2
4 2
-14 45
-9 4
17 0

52 37
184 512
602 -704
459 571
-976 -18
-783 -189

-377 -137
328 422
-377 -98
-765 745
302 -623
-750 700

-348 233
544 181
-346 234
-10 -101
648 -265
995 -353

3 -1
14 6
7 -1
-3 -1
-10 6
-14 6

-2 -5
2 5
5 -1
-7 -9
-7 -7
20 81

-331 144
877 -350
-19 16
29 21
14 -26
21 29

13 -9
12 -11
15 -6
14 -8
13 -8
11 -9

-171 112
-57 37
-16 10
-1 -2
-2 1
1 -5

-2 5
0 -3
-5 5
-4 1
3 -3
2 1

-19 -19
-46 -42
-125 -109
4 0
5 -1
1 -5

30 -16
20 13
29 -1
27 -15
28 -8
43 -24

419 38
351 -47
427 -45
221 -314
158 -374
-527 -926

-888 -189
66 744
17 268
534 -266
789 -567
-378 -791

28 -32
27 10
19 -33
9 8
18 9
37 -31

-94 60
5 -39
-77 89
3 21
68 49
-99 -93

-44 -36
-95 -48
-92 86
-147 999
-50 70
-133 935

299 -420
-217 -408
131 -924
9 150
556 -207
-339 -102

623 773
282 353
563 258
-902 218
210 -265
-83 -273

-7 18
-10 27
30 -7
371 -760
29 -52
-338 707

65 -77
20 26
-30 40
-5 33
15 -63
30 91

5 6
5 1
-6 7
-6 2
5 4
5 9

-8 -13
7 -11
-14 -13
6 -9
-7 -11
-1 -11

241 -562
511 -50
-172 -4
237 101
924 -608
515 -713

312 303
426 412
26 72
460 412
-522 -485
748 680

-110 -699
-121 -762
-54 -123
49 -18
73 30
-15 -29

-521 364
-424 -578
-710 298
-525 -512
-843 -724
150 518

1 13
-12 18
18 1
-9 -5
4 -10
13 -8

146 275
523 620
703 -650
-593 767
-472 -516
-59 -425

2 3
0 1
-4 5
-2 1
0 5
-5 3

-34 92
-22 86
99 -34
-98 -80
-7 53
-55 -25

287 378
456 550
-57 31
-55 92
-52 36
-61 29

-32 42
28 -30
-12 39
-32 -21
-12 -9
-27 45

-83 49
-50 -47
-76 9
-759 344
-115 12
-18 -37

-513 -600
89 -560
-108 -634
-109 -477
247 -121
89 -382

1 -1
-4 -1
-4 1
-5 -1
1 1
0 -1

-2 2
0 4
-4 -4
-1 4
2 -4
3 -4

-5 2
2 -1
-3 0
-67 257
1 -14
61 -253

227 342
191 57
389 -435
137 316
-79 -21
407 394

72 -4
-21 64
9 -81
-66 -100
89 41
54 83

-190 -225
-372 -347
-10 -90
-26 14
44 -6
-4 45

906 -286
848 -358
-30 -273
775 -539
793 116
875 -686

-38 -18
-8 50
-28 -32
-28 23
-12 -36
-8 18

-32 37
-34 9
-48 29
-44 26
6 22
48 10

21 -2
-12 -19
-6 -29
-8 -2
830 430
-9 -2

13 52
-75 12
-28 42
-87 -28
-81 -8
-22 62

42 845
-12 296
24 352
42 -519
96 -249
-30 -569

-5 -5
-3 -2
-2 -4
-723 -806
12 12
313 347

725 -609
550 315
600 -61
950 -957
54 555
908 -908

-813 -9
464 7
-15 1
-4 3
-2 1
2 -4

-737 950
389 -481
-551 -58
564 487
398 -357
-752 -970

319 -79
-699 -297
-485 -130
265 71
783 155
-431 -280

92 -88
-49 -25
-3 -5
-94 -86
-52 98
-97 37

167 -788
-200 924
-6 19
-2 2
1 3
-4 -1

535 170
574 521
-476 404
-629 336
372 167
-803 729

-201 182
447 -256
177 -487
-150 -243
-420 353
93 213

-6 -15
5 -9
15 -8
-11 9
14 -13
6 -4

-596 -776
-49 -68
601 774
35 17
-42 -48
68 40

-98 785
189 -402
140 29
342 -888
104 -132
310 -511

-181 -67
-145 -43
77 -80
260 -106
-499 -131
449 -91

273 -269
155 -41
312 181
-993 -958
423 135
159 -25

-17 -39
-77 -25
-86 5
13 -46
-68 -55
-8 -69

-37 68
-25 28
18 -90
67 67
-89 24
-13 43

3 -9
-3 5
-15 4
-12 -3
-13 9
2 3

158 -330
847 -957
225 -403
-192 139
14 -264
-118 -46

176 -83
340 70
352 -61
43 63
-487 328
307 -113

-87 94
33 51
-27 34
-806 707
862 -694
170 -110

-87 -229
-72 8
-134 -370
-160 -392
-159 -637
-200 384

15 -10
10 -7
2 -4
-8 2
5 -4
-13 5

166 -266
-45 331
-416 490
89 555
-651 253
998 672

3 -3
-2 5
4 -5
-682 -752
17 9
468 500

67 -28
63 -1
1 -97
30 38
-32 40
-26 73

33 -17
-38 65
53 39
26 3
-22 63
-26 -49

-861 -704
114 599
511 580
-121 -402
-942 -194
-229 278

50 -17
26 -19
23 12
-38 -27
1 -12
29 18

-24 -38
-19 1
31 -31
19 2
-45 -33
41 47

-40 -11
-87 -98
-92 -22
17 -76
12 0
-35 -87

137 -11
-154 -36
-625 -73
-28 -42
20 -2
-22 -16

-664 58
124 948
-125 58
13 108
-172 673
624 835

-106 -68
-286 52
311 -190
488 264
245 -42
131 -70

14 -6
7 -9
2 -2
4 1
-20 -1
20 5

10 -14
-1 8
-3 -2
14 6
0 13
12 -4

-11 -30
-25 -8
-28 7
-37 -16
-55 -46
566 981

5 -4
3 -2
5 2
3 4
-3 -5
5 5

-231 44
-30 -51
188 -153
-7 -5
5 21
-21 -18

445 381
205 356
-131 -66
517 24
841 483
273 -35

-4 -5
0 -2
-5 -1
-76 -89
4 -2
-113 -129

-469 -578
-509 -753
507 317
-41 -393
284 -338
264 74

-928 -288
-776 -912
-742 -567
-485 870
-368 951
-711 84

26 20
29 -27
21 5
-23 -36
79 52
-145 -144

-15 16
29 -10
-23 -26
50 -52
-192 87
-24 -1

35 -35
-63 -18
89 -84
3 30
-9 -67
-41 -2

-71 -96
-25 -24
22 40
-45 -73
30 64
25 49

255 111
-1 12
10 21
24 30
-11 -15
9 -24

-13 -7
-4 -8
0 -3
-5 3
-8 -13
-9 -2

-185 974
210 -505
1 -835
-617 -41
478 880
-703 288

-46 -44
-45 -20
-17 48
-21 -48
-20 -24
-43 28

-5 2
1 -1
5 -5
1 -3
-5 3
4 -4

-1 -19
-16 7
-16 9
12 -3
14 3
12 12

586 -320
43 -308
-329 46
-673 -692
-675 -26
-955 -665

651 -574
732 394
-325 162
976 210
-406 -806
-894 -438

8 -11
93 -77
20 -8
-741 61
743 -248
26 -98

69 95
98 77
17 30
-70 84
-36 49
-3 98

-737 -151
-467 -222
785 -881
-246 -445
-835 -455
-884 -607

-4 3
4 -1
2 -5
-14 -9
100 95
-409 -369

0 -4
0 0
5 4
8 5
-636 -577
-376 -342

19 17
-24 -71
-9 -61
15 44
4 7
23 -10

-11 -6
-16 -2
19 -1
0 -19
6 -20
1 5

-7 1
-18 7
15 -14
20 15
13 13
-2 4

-407 -79
-417 831
447 123
28 -706
528 -755
368 819

-72 -26
169 -124
-388 105
77 21
83 18
34 -58

89 84
649 674
-751 -787
-61 2
-81 -88
19 -30

8 -37
-45 16
-39 -24
2 3
46 10
-36 -44

-4 1
-1 -3
0 -3
5 -3
-3 1
0 -1

12 -3
7 -7
15 -2
-8 -12
-5 -11
9 -4

57 13
46 -82
64 100
63 -48
92 83
96 91

-10 -14
-8 6
-13 9
8 7
3 10
-14 -1

-420 -103
-402 -955
-252 -905
-281 160
75 62
313 358

-4 0
0 -1
-2 1
2 1
-3 -1
-5 -3

-11 25
-2 26
7 12
-110 1
-50 6
-233 -7

924 -951
-992 -78
-472 -166
-277 -199
14 -797
534 -885

-9 25
27 28
-37 -33
-13 -31
25 0
-47 -6

-22 -23
-19 24
20 36
-45 16
17 -11
-6 28

-964 -711
482 -72
-179 -210
365 381
-229 -50
-40 -288

3 -1
46 -9
67 -13
0 -1
-4 1
2 -3

-94 58
-94 -92
-218 306
-676 576
-884 696
623 -84

83 -17
-40 -13
-58 -16
730 185
64 14
-97 -28

951 -818
313 -713
-421 -717
268 -491
331 -25
155 -63

92 93
44 84
-36 4
20 21
-28 25
32 85

-430 115
-95 121
557 121
8 37
-3 -35
-50 13

87 -123
10 -964
112 575
174 326
30 -267
159 37

832 669
-53 -31
-527 -407
0 -27
-12 1
24 -3

8 -99
13 17
32 -87
56 -75
-35 -7
-11 5

-18 -12
15 36
16 -17
38 15
5 -33
-29 -28

9 6
-2 -7
6 7
-19 -18
-10 -16
1 -8

-37 -40
7 -26
-4 -30
-24 -43
-24 -21
-25 -14

-18 -3
-9 -18
8 7
2 1
-8 -17
-18 13

-4 -6
7 30
-6 -23
12 38
-3 -32
1 -21

14 -4
2 48
49 6
-33 38
-27 12
43 32

888 -203
304 -555
549 -623
483 470
37 -15
101 337

3 2
4 2
3 -5
-2 -3
4 -4
-3 -4

-34 25
-9 -14
-25 44
-8 34
-43 6
-26 -4

-412 -692
-403 -622
171 232
42 327
-44 -102
-58 206

36 -21
-6 -28
-24 -21
27 -28
37 -18
48 35

-697 -95
187 -174
-721 -127
216 -364
348 -188
55 -350

852 -673
-194 -652
217 8
-829 29
491 448
-418 689

-26 37
24 19
-88 99
116 -73
-1 60
123 -64

-10 -541
-66 -601
-881 399
694 513
-686 533
-66 448

0 3
-5 0
0 -1
5 -1
5 -3
-5 5

295 -351
737 261
382 -945
724 -531
365 -522
-88 369

8 55
63 -51
80 -31
27 -8
99 -94
-28 98

286 572
-282 -147
-320 964
127 23
-638 -134
-138 -892

-9 3
-8 -3
12 -3
10 -3
-8 9
11 3

-2 -6
-42 -39
19 20
15 -18
-21 -13
-38 -1

-176 -22
124 453
-396 -297
640 349
356 225
813 502

272 100
-133 -54
9 0
-3 -2
-2 -4
-2 -2

1 0
-3 3
-4 -1
-236 368
9 -18
-427 669

10 8
0 24
22 26
-370 645
-242 435
36 -24

70 -98
6 35
62 -45
-94 -30
-34 9
-22 -22

497 539
604 658
22 9
11 17
-17 -24
-14 -13

-10 -8
-14 -12
-12 -13
14 12
-4 -4
11 10

24 -8
29 21
28 4
-104 -93
-430 -312
58 16

31 123
-72 368
408 -757
13 -38
67 51
64 78

4 -4
-2 4
5 -5
-2 2
-1 3
-3 3

54 -73
-82 97
-71 73
-84 38
89 -86
-3 -12

-61 4
303 316
-366 -26
208 476
195 -120
65 400

-856 672
114 -477
513 -572
-44 912
314 -771
57 -586

1 4
-5 3
-1 1
-7 -597
-7 -581
-6 -17

-193 497
-148 479
-958 767
-224 482
-226 500
-59 -193

-691 -775
-579 -207
-423 437
-535 -131
-108 232
-64 308

-261 110
-207 -416
288 94
64 -940
-149 170
143 0

-539 -78
-210 -71
-417 -176
-912 -326
156 173
-180 47

-824 41
-997 -98
360 -594
41 736
214 875
187 -733

-268 -193
215 437
149 326
-667 -823
-81 96
358 805

-35 160
-215 271
219 283
-266 -117
316 363
-303 -234

-645 -484
-920 -745
-255 -535
-325 662
-145 893
-20 410

-10 -59
-86 -53
75 -74
36 -62
20 -65
-62 -41

9 -20
7 16
-5 4
-157 -604
34 24
-48 -248

1 4
3 -3
3 -4
-1 3
1 3
3 4

-214 -802
-170 -606
-43 19
-27 13
-67 35
-91 -17

-8 27
53 45
-48 72
-75 6
-48 47
-3 -13

-18 5
6 -1
4 1
-5 1
-7 -6
5 18

44 734
-441 686
-303 -644
-857 -27
-788 -692
113 69

-12 -6
-24 -30
11 -25
641 -182
101 -27
-19 6

2 0
-2 -3
4 0
53 -55
-236 221
9 -13

-8 -15
12 -8
7 -10
-3 -13
-8 -13
-8 -14

641 103
-40 175
-551 815
-567 -314
735 -245
631 -557

781 36
-182 299
-416 429
128 429
-892 825
995 30

-33 -98
-45 -2
99 30
63 22
-19 -62
-30 100

-690 202
-7 9
-223 70
-1 3
4 3
0 -2

-5 -13
7 7
-17 -19
93 -40
-47 4
-40 3

-20 -20
0 -16
-15 -18
5 -12
10 -12
-14 -16

-451 778
-606 853
-142 -67
-283 428
207 -62
105 260

-3 -1
-4 4
1 -5
10 -7
34 25
8 -9

5 1
3 1
-1 4
-8 0
78 62
89 70

-44 -26
4 81
20 117
-28 6
-20 28
-20 26

4 -4
10 -11
14 -9
-6 -11
-14 7
-6 -6

12 8
0 -7
-4 -10
0 -11
0 -5
-4 -4

-53 -75
53 -3
31 -70
-31 -8
0 -39
75 64

78 -70
-15 30
-30 60
-138 164
-132 163
-258 -31

342 537
-823 481
-213 632
-379 405
566 -523
121 64

-293 373
-495 -507
-172 -309
575 527
353 769
-71 131

-28 20
-12 -4
3 -20
-259 -692
-51 -55
-43 -30

-9 -50
9 39
18 49
-36 -11
27 13
-18 -14

9 2
-33 -59
-7 -93
-144 175
130 -746
130 -735

-5 -5
-4 -4
0 -5
18 -13
152 -66
-331 125

-446 -348
348 -379
320 -239
-994 -247
-503 -157
-325 -349

28 78
-89 39
-70 -40
-202 -142
-199 -127
-732 536

11 -87
-14 -344
20 24
0 -10
-7 11
22 -10

-4 5
0 4
0 1
3 -2
1 3
5 -1

-305 -160
-583 28
-758 -384
-122 -287
-406 -402
458 467

2 -8
-10 6
2 -4
12 -13
4 -8
-4 3

-156 69
5 -70
-628 -676
-856 12
575 -306
833 -493

56 29
-100 -69
-34 -31
38 -10
62 -78
77 -98

17 -93
-6 17
-10 33
-18 -9
9 24
-6 3

-7 0
17 4
-16 -15
5 -9
-13 -15
-19 1

2 20
10 10
27 4
-394 368
-167 175
3 31

530 -657
-679 455
-562 271
257 -425
-445 87
647 -841

-5 -2
5 -2
5 -4
-5 1
0 -5
0 -1

22 -19
42 -29
40 -35
-20 -47
17 -34
5 -42

603 119
-854 813
209 205
365 -581
443 -974
49 -888

-75 16
-5 -37
87 19
-43 -92
-97 -93
17 72

-30 8
-6 2
-28 9
-869 433
22 -17
-85 37

17 44
5 53
35 -86
-9 -53
-21 -44
77 -1

35 35
14 50
46 -38
-41 -41
-5 -26
-29 2

-20 -34
27 68
-11 0
-24 -25
-6 -18
10 26

450 -218
465 -338
101 754
262 -404
436 -302
182 -294

43 25
41 19
-1 -47
-26 8
-10 -42
-30 28

-45 -26
-3 23
-21 -28
-33 15
-7 -49
-34 -31

2 -4
5 -4
5 0
-1 -2
4 -1
2 1

84 -26
-87 40
-2 23
-96 18
-43 -8
10 -85

-663 957
-701 914
255 -570
-424 586
300 550
-853 742

1 -18
7 -2
-13 -17
5 -15
15 -19
-5 12

291 -87
792 944
198 -159
761 920
668 848
-856 -975

-6 30
15 15
29 -7
57 5
-860 -856
249 185

-14 18
-31 11
-37 20
1 -4
-18 20
-19 11

-898 230
787 -314
-195 3
-54 -42
-75 -63
91 100

-738 -768
-127 -167
22 -20
25 -26
-5 -30
18 -18

-161 156
-250 242
16 -15
4 -2
3 3
5 -4

-258 428
-706 420
760 231
-240 41
-664 -242
640 401

835 674
-18 -14
-907 -731
-4 -1
3 -5
2 0

291 -202
338 -283
154 -99
462 -23
355 -142
270 -295

-312 580
-890 717
164 -50
474 -17
970 -969
974 -374

-870 -621
-57 498
-393 274
483 634
88 527
929 264

306 -260
-10 12
-39 37
1 2
-2 1
4 -1

4 -1
-2 1
3 1
2 -2
2 3
0 2

2 -41
-27 -24
23 -26
46 -19
-29 50
28 -13

24 24
-5 -25
-34 58
82 -54
53 -59
24 68

-163 -89
20 9
-368 -199
-4 -5
0 3
5 3

39 69
6 21
91 4
-34 20
-2 99
-19 -88

-5 -4
-1 2
-15 -13
5 -3
-11 -7
15 1

8 0
-30 35
16 -4
-18 -49
46 -49
36 -47

-55 535
-971 -539
-539 -97
-419 -795
-997 -634
185 -861

-8 -2
15 3
6 -9
7 7
8 -10
-7 14

512 728
-658 336
572 708
481 -803
534 902
497 597

-523 815
-682 355
723 765
564 305
-1000 -565
405 -155

-973 674
-565 -205
-613 159
-766 283
-31 -932
-324 -303

-569 42
632 -37
-969 60
-124 -109
289 -18
-211 -104

-5 -1
-4 2
-3 2
-5 5
-2 4
-2 5

-9 -21
-55 59
13 -59
-2 -33
-35 24
25 -80

0 3
1 -4
1 1
327 561
-39 -74
10 11

951 246
432 774
779 160
-896 159
-316 484
-158 339

-25 27
-21 -29
-7 -9
7 19
3 11
-116 -11

88 829
950 965
956 181
317 -901
-762 -875
-468 -255

6 -9
-21 -16
30 1
34 2
-29 -42
22 -8

783 350
786 168
472 749
914 -210
789 -14
469 931

-1 -12
98 32
-39 85
467 -80
98 197
-558 720

275 -435
-197 -131
741 -814
-359 -41
250 -290
191 -327

506 -211
-27 -103
319 881
-66 427
303 -449
-458 -165

-784 -146
-82 31
252 115
-17 36
-82 96
-21 42

-25 -9
10 45
-36 -9
-6 22
0 32
30 -17

436 -534
331 484
373 312
338 427
394 -141
436 -126

-17 16
-9 10
2 -16
3 1
-6 -10
4 18

4 1
-4 -3
2 -4
5 0
-4 5
4 -3

290 181
459 -246
266 -56
39 -384
150 -108
434 145

-405 379
-167 141
-230 106
-985 725
-664 582
412 30

-7 -5
-20 5
-21 -27
-22 -436
-20 -257
-20 -44

-3 -2
-2 1
-3 -4
0 14
-22 -122
60 385

-489 -971
467 -214
919 125
629 -76
541 -200
899 99

-220 -329
869 877
95 610
506 475
-752 -328
337 878

-17 2
20 2
7 -17
-41 -36
32 21
-29 -17

-175 -934
440 601
-498 -921
294 -173
-748 -521
23 -747

5 5
-3 -4
1 -5
695 -99
701 -100
-9 11

-12 18
-9 16
-11 20
-7 8
-5 -16
-6 0

-6 -71
-147 108
-532 606
-71 30
-11 37
0 60

-4 19
-11 10
17 -2
9 -3
14 15
-13 -15

673 -597
-953 527
-983 531
289 587
114 396
163 605

27 17
19 -8
13 -25
6 -13
11 -6
228 295

-42 44
-27 -16
-40 3
-31 33
-38 -5
-49 6

-61 265
134 -177
464 227
116 203
304 -221
-428 235

-5 13
-7 8
-6 7
-8 2
-9 3
-10 -3

-63 4
-41 8
-35 28
23 -46
52 -30
55 -14

0 0
4 2
2 -3
-101 159
-251 395
-7 11

388 698
-525 335
-810 208
-312 -715
-388 -573
-780 -5

12 -25
22 -21
-4 -1
-24 -24
-512 -380
214 149

-269 320
-945 668
-60 263
331 40
244 -69
121 170

13 -19
7 -9
36 -84
-167 164
3 -11
-63 56

-92 85
-55 -26
69 -7
124 -57
197 92
-188 -892

-53 -39
-852 943
-275 486
731 -78
-408 -107
-482 68

-39 88
-4 69
-22 3
819 -49
-59 151
683 -15

-17 -71
60 -65
24 -61
78 -67
-85 53
-10 1

-536 -828
-65 344
196 536
139 -642
-383 -114
-275 -636

23 28
17 7
23 -11
-317 -301
-612 -570
-31 -41

-37 -473
451 -97
-192 -369
477 -117
702 -199
-24 -419

30 -34
97 82
74 -39
-55 -42
96 88
53 87

-170 14
226 -26
-382 -261
-6 116
-102 -230
212 -321

-271 -210
-229 156
-427 414
-220 31
-14 97
-147 -350

151 143
-45 101
378 302
-272 559
442 496
790 435

30 -12
-17 9
11 25
203 482
-11 18
-164 -320

33 33
47 69
-79 -34
-86 -52
74 -90
-93 -31

40 35
12 26
-6 -34
-1 -2
16 -45
26 19

3 -12
-50 -40
-21 -39
0 -47
-15 31
-18 -4

-11 13
-4 17
-14 9
-3 -3
-3 5
-5 -2

862 852
981 33
722 -207
10 -26
-461 445
159 336

-49 -22
-710 -379
653 357
-23 -20
20 6
18 7

-30 -77
-68 37
-71 -89
-1 93
26 39
-20 -59

-24 41
15 4
-27 39
-39 -32
-12 49
-42 -34

-580 -459
-45 -35
-138 -108
-92 -85
86 82
-13 -13

1 -13
3 -5
15 15
9 -9
7 -3
-5 5

194 26
131 218
462 226
284 -338
306 -106
39 -10

1 0
2 2
1 1
3 2
-5 -1
0 1

2 -1
-5 -5
2 0
-5 -3
2 -2
-5 -4

-2 -5
4 -2
2 5
-11 -15
-539 -735
-14 -19

44 -23
4 15
18 25
38 6
24 -4
-2 44

56 -8
-89 74
-7 -8
-60 -61
-90 -28
92 -56

5 14
7 15
-11 4
0 10
4 14
-1 10

38 -48
-46 -28
-43 0
-4 29
20 -15
-19 -44

-58 -85
57 38
-70 -61
404 -405
32 -129
-757 445

217 -430
409 -473
449 -3
274 7
481 -102
-300 -135

43 -48
592 -528
915 -810
-6 -9
-21 12
-19 24

-349 603
37 -19
49 -41
-18 25
18 -27
8 16

143 -168
248 -483
219 -460
78 3
36 81
-27 38

685 685
21 -986
301 442
852 739
72 -989
461 -743

-718 -957
-501 114
524 285
276 -939
752 -219
-977 -606

-815 -869
-224 -72
-374 -817
-956 569
-441 -437
-351 10

-1 4
-2 -4
1 4
5 4
0 -4
3 4

41 91
-9 42
2 53
-963 798
42 22
-94 127

394 750
-115 -255
452 8
-318 57
533 -705
511 -173

-374 219
-131 162
-523 368
573 874
-825 178
-208 505

-57 198
-30 -166
-326 500
-112 -333
-330 -541
-379 -176

3 21
19 -25
12 5
-166 -260
-3 -3
30 50

-280 -326
157 180
11 11
-3 -3
-4 2
2 -5

-87 -10
-73 -25
47 55
116 172
92 582
120 -18

11 -13
-74 69
909 -880
5 2
-4 -2
-3 5

184 737
-974 -890
-189 190
-389 295
661 -388
746 -418

-229 318
59 311
20 380
624 -766
317 413
318 473

150 265
-36 -40
393 665
8 25
18 14
23 -20

520 17
-573 -480
-462 -947
631 -450
-684 -13
-795 454

-5 -4
3 2
-4 -3
409 207
-17 -8
197 100

-846 521
261 191
-718 601
445 -21
-445 289
376 150

-68 82
-24 -91
16 19
-184 29
-344 191
-64 -19

-303 246
-242 353
190 257
585 462
-66 245
-852 -97

91 -42
-51 33
-255 -255
819 634
-587 -573
-827 -819

8 -234
255 -630
-841 938
-790 636
-48 -26
536 -610

143 -271
393 -347
215 -385
151 -547
561 397
383 -69

-15 -14
-27 -18
-17 0
-44 2
210 94
-68 -6

-94 53
44 -13
-71 24
-71 -48
-2 -63
67 -42

-1 -2
4 -1
5 1
19 15
-10 -13
-251 -246

52 83
-668 -482
55 306
751 -913
625 -934
-16 220

26 -2
-12 -78
19 -68
-5 -12
-39 -15
-15 -71

-194 -219
-347 484
-524 -329
-17 -102
278 93
-762 249

2 -13
2 3
-10 0
2 -11
-14 -15
-10 -2

10 3
-16 0
0 0
5 5
-5 3
4 0

13 19
-28 2
6 0
-49 -35
-34 -12
146 220

93 10
-17 -38
69 -29
45 -68
7 1
31 40

-2 -5
46 -28
12 -17
-31 38
-29 0
-36 6

563 -993
33 -44
-427 681
95 -228
-998 548
430 -418

24 -17
-2 -20
20 7
-5 -43
-125 -221
-587 -901

41 3
65 -33
73 4
-810 -709
-349 -414
8 -183

-541 626
-580 675
-4 -63
-90 53
-44 73
-46 60

2 -3
-2 -3
-1 -4
6 -35
0 -10
-44 174

-16 -91
65 -3
-2 -70
-200 55
9 -103
217 -258

4 14
-13 -11
-18 0
-16 19
-4 3
17 1

-926 -110
-339 -866
-128 -785
-33 778
871 71
444 634

183 -8
357 -22
-6 8
2 10
20 4
4 17

-23 -20
-32 -14
-16 44
28 49
36 -25
41 6

29 4
23 26
18 -29
-774 -909
56 21
-421 -514

-924 -538
-15 -10
-77 -46
5 1
-2 -2
1 1

-829 -357
-51 -23
-797 -343
8 -20
19 11
16 -16

-11 2
40 17
-46 -22
-13 -26
41 31
-12 -12

52 58
-82 -42
-64 14
61 86
-33 -48
3 64

-88 294
496 -162
24 256
-166 636
-194 628
231 -282

669 -288
-15 7
131 -56
5 -4
1 1
3 4

5 -8
-22 -32
49 44
21 3
33 33
25 -16

-65 65
-34 -80
-64 5
-48 74
-76 39
-89 84

10 -23
-1 31
-11 24
-31 10
-21 17
0 -30

92 85
97 38
44 17
78 -43
37 -47
-38 9

-136 108
-89 50
-58 30
-26 -13
30 -3
17 10

80 -44
85 -24
33 -34
53 -53
31 -42
-75 56

-37 -33
-45 -13
-95 61
-19 -95
-16 -60
-25 -29

66 -77
206 8
-78 -668
264 -305
464 -255
-86 -40

-15 4
3 5
15 7
13 6
-13 5
11 5

-427 -184
-107 -407
-345 -335
-279 276
-353 46
-160 240

-20 -2
94 -66
76 -63
-11 -26
25 -25
-29 -4

4 -13
-23 33
-104 170
-5 1
-2 -2
0 5

-122 -443
921 -904
730 -802
-17 476
387 -5
-40 458

-44 40
-520 362
-991 679
12 -16
23 6
-21 -12

-16 -1
267 63
572 132
0 0
5 -4
-3 1

16 38
45 -29
20 22
41 -13
49 4
37 -46

12 32
-6 2
-9 -4
-5 -5
-2 -1
-2 5

-48 64
-13 -4
-57 31
-28 -59
-19 -26
-78 -46

-31 5
29 -41
-28 50
31 -11
-3 -48
3 42

-135 -102
63 -82
-153 -115
62 26
27 -78
1 -92

-19 -3
-14 2
-27 -3
571 -154
-51 6
27 -14

-425 -368
-392 81
-323 326
-371 -250
-173 324
-434 -317

286 616
-538 964
-277 277
-439 -116
-373 -836
266 -606

45 28
-98 -14
64 -94
-48 -95
-36 68
76 69

-64 97
-44 -26
-67 85
-52 -89
-39 -118
291 -901

-13 13
14 10
-7 -13
-17 -15
-6 11
11 -11

-500 334
459 495
-73 416
-80 812
221 584
-199 935

-5 3
-3 0
-4 0
6 22
-42 -59
-13 -10

-261 -440
2 10
137 241
-3 1
2 2
-5 0

-14 -19
-6 19
20 -7
34 -41
22 -46
6 47

65 -696
-265 -675
-687 -800
-25 78
899 -564
867 -596

730 -502
858 -319
-66 -814
254 180
682 804
-506 -681

442 -651
-33 412
-555 548
-294 480
964 -787
228 344

622 -289
684 -731
572 141
896 552
898 575
714 739

57 370
253 497
-395 89
-343 190
-13 -292
-367 218

-34 -89
83 15
11 -25
-7 -22
-37 -43
-55 38

-239 -141
91 -881
-325 185
179 -474
-96 -37
-116 -165

378 477
304 450
274 425
581 653
351 453
746 801

23 -9
-15 13
44 -8
41 -11
-29 -31
-32 -39

159 35
394 -165
87 157
-343 -145
225 161
54 94

-100 -77
-91 -27
71 74
86 -128
-339 -179
95 -110

5 1
-3 -1
2 4
-2 3
0 -4
4 -3

486 426
-442 210
-269 150
-427 -221
311 285
-115 119

29 39
5 -26
5 -39
21 26
-36 39
-3 26

0 -34
24 -82
94 45
108 32
-262 725
142 -49

-26 -20
-27 -23
-149 -365
-17 11
-16 10
7 11

-690 -315
223 -143
624 261
-548 -212
-184 -331
-4 434

10 46
24 3
50 -40
20 49
17 28
41 24

-333 194
0 -630
-569 160
590 -545
-433 927
699 -903

18 5
-42 -6
14 2
-43 6
-44 -50
-41 -18

8 9
14 12
-6 -9
5 -6
5 -17
11 -7

-2 -15
-5 -12
4 -1
7 -8
-8 -9
7 -4

-6 -6
1 14
-4 -13
-10 8
7 -7
9 -14

314 44
574 -96
164 86
150 33
297 432
169 16

258 -599
793 -782
297 -539
-812 -233
-781 -308
-238 -356

4 4
-4 -1
1 2
-33 -16
16 10
-16 -7

-6 3
-93 60
44 -15
7 24
18 50
31 -36

-6 4
7 18
-9 -1
-7 10
-10 5
-17 1

2 3
0 -3
3 -4
14 9
-15 -8
-81 -46

7 -37
-173 85
-627 394
-15 -15
-69 -5
59 -33

-87 -55
-24 -50
65 -36
-37 -66
-19 -35
52 63

-41 -37
-16 9
-17 -49
-46 -28
32 -28
22 -10

17 -14
64 -37
24 -17
-1 4
2 5
-2 -3

4 -3
-2 2
1 0
86 421
-3 -19
-38 -192

120 981
-544 221
-389 886
-423 392
-146 449
-560 -805

63 -84
-97 19
3 9
-147 19
-32 -60
33 -29

87 -59
305 -78
-405 -257
-418 118
-79 -446
-46 -346

-1 -5
2 2
0 2
3 -5
1 -5
1 2

254 -104
-925 220
436 -524
-743 -200
475 -614
-519 82

-330 -73
39 -215
-210 -929
642 464
114 -750
966 643

-2 -4
1 2
-5 4
-33 51
0 -1
3 -7

-24 73
-19 -9
-39 86
66 -5
86 -100
67 -68

-701 -630
112 -208
-118 -278
-394 -692
-494 -842
-95 158

8 13
12 11
-7 12
-3 10
14 10
10 12

-209 599
337 -981
-10 23
-3 -7
-13 -15
0 3

-235 -279
-15 -17
53 64
-3 -4
1 -5
-3 -3

-75 -14
-5 67
78 69
8 -12
-88 65
91 -10

-9 48
-19 40
-7 -6
-71 -887
13 0
57 458

2 4
-2 5
-2 -2
4 -3
2 -5
-4 3

-3 2
-5 4
-2 -5
-5 1
-1 -1
-1 -4

-184 -182
-210 -136
976 -718
-531 -420
-602 -490
728 266

461 -596
-799 -284
846 -746
462 -754
-705 666
282 -594

-47 12
-91 10
-16 51
58 -96
10 -23
36 -97

-106 -223
446 840
-114 -237
-134 -211
-70 -862
-222 672

46 24
408 320
436 300
278 228
194 288
148 136

15 42
86 41
52 -37
0 31
67 -26
-19 -36

3 3
5 -2
-3 -3
-937 110
19 -8
-726 84

98 32
79 76
90 -39
6 -45
-49 -52
-17 -17

-5 3
3 -1
5 -3
-1 2
-1 0
3 4

-2 -5
-5 -2
-1 2
0 -3
-5 1
-4 5

-15 -3
-16 137
11 -835
8 -29
24 27
-29 17

5 12
7 -15
5 8
3 0
3 -4
5 -2

-226 -163
-113 338
-709 -758
442 479
-745 -531
-596 -257

-400 586
-901 -753
68 976
-735 63
-141 -297
-37 366

-5 2
2 4
-3 3
4 5
-4 2
3 5

588 539
60 -55
-181 -278
243 34
-56 282
589 -168

-980 -441
770 -1
-843 -119
-332 -958
-900 -919
512 -130

11 -18
7 25
-19 -29
-2 -45
-23 14
-10 41

579 441
687 620
-45 -426
306 -242
105 -218
-480 -238

-3 -10
11 7
-7 16
-60 47
-806 573
250 -171

-567 174
-722 104
306 321
125 -127
71 130
176 340

-80 280
-209 652
43 -49
-29 -2
-22 -59
-89 13

-13 -13
-5 14
-3 2
-5 7
20 7
17 13

451 968
-638 -266
17 534
-683 -96
619 896
-984 -277

21 -44
17 46
-32 76
97 -38
-58 12
96 -10

12 5
899 649
-45 -37
19 17
-14 -19
-20 -9

317 -142
-641 451
12 48
-19 -16
30 19
-24 4

-261 -393
214 462
143 188
406 466
933 874
808 909

-169 -146
-27 -177
-242 -257
588 191
803 220
908 318

-330 428
354 172
-371 -292
-188 306
356 60
532 905

10 4
2 2
-6 -6
-6 2
-6 5
10 7

-200 -652
-523 894
-515 712
529 170
772 444
278 78

1 -2
0 -3
2 -5
-2 3
-2 4
2 -1

-239 898
496 982
-758 626
-204 -959
247 475
238 793

-2 -2
-3 -5
1 1
16 -10
37 -19
-148 60

-661 -108
311 183
485 438
-105 329
243 839
-330 566

3 15
12 -6
8 -20
3 3
-14 5
-11 17

24 -8
15 4
-9 19
-812 825
-33 49
-761 774

-3 18
19 17
4 16
1 1
-16 -10
10 9

300 239
473 378
-493 -312
-144 -137
63 70
498 433

399 393
341 206
381 391
133 -431
260 -453
-412 -311

8 14
7 -8
1 4
-2 -14
9 -12
14 2

-6 -17
12 -21
-13 29
17 -23
813 -335
-654 239

154 252
-14 372
-267 403
-155 323
210 212
-323 443

-205 265
87 -228
-150 145
376 -814
303 -702
261 -529

-101 376
-137 496
154 228
424 564
-755 504
688 556

1 5
5 5
-3 1
-4 -14
-17 319
-15 269

4 1
6 0
-9 7
-13 9
-11 8
8 -1

-2 -1
4 -5
1 -2
2 -4
3 -4
-5 2

51 -284
732 228
-414 226
-365 -258
-910 -693
-414 777

-44 80
-12 -88
-78 -99
66 -127
-60 -210
880 500

132 479
-20 -304
124 368
-396 -625
-484 -775
188 491

17 -24
-26 19
22 -13
-529 -912
55 0
-248 -472

8 -26
5 28
53 88
516 558
-499 -629
-58 -116

-218 -135
-370 370
-219 293
34 -406
184 -55
385 -15

-6 33
33 4
-44 94
-134 171
-21 -25
63 -182

276 -672
356 -645
242 228
-307 701
-370 224
-133 861

15 20
608 798
-546 -716
-4 1
-5 3
1 1

-268 649
-198 -181
-289 -279
453 339
-555 -656
355 324

-2 10
16 1
2 -18
5 13
-7 19
-17 -15

10 -1
3 20
1 19
-4 -8
-18 -15
13 -3

71 -63
82 60
36 -18
-63 0
-509 180
261 -120

49 -86
60 -67
80 -5
89 38
91 14
81 -17

61 -50
-57 76
2 58
2 -32
-57 79
61 -53

-44 83
57 -25
-52 67
-60 2
-40 -33
-16 49

39 -14
-45 -30
-17 18
-17 -46
32 -50
-3 26

928 92
-492 -240
773 -341
998 752
428 654
698 -288

-5 -1
3 1
3 0
-1 -1
5 3
3 3

87 -40
75 -59
-2 -57
34 0
-55 -17
46 19

-9 -15
14 7
7 -9
-10 -2
-1 -12
6 4

132 -74
6 -5
-27 13
-3 -1
0 2
-5 0

346 -156
-110 168
-12 27
-128 -69
68 -12
-372 -306

600 -242
-582 -56
853 -792
-779 -25
403 -211
-132 -637

484 523
615 873
992 247
869 735
861 -103
599 -803

411 34
-144 -397
156 -925
-644 483
111 562
-344 -45

716 384
-994 -510
-7 6
4 -12
7 12
8 26

92 -156
399 -39
-20 256
120 -259
8 153
427 -142

426 405
196 -148
-37 -346
967 -734
170 482
-181 913

-322 195
-532 -755
-253 -323
71 195
111 -127
-474 224

-29 73
94 -25
86 14
-5 -44
3 -83
78 53

-4 3
-1 6
0 -5
9 -9
-5 0
-15 9

64 -137
481 -729
-124 142
22 -39
61 -29
-42 74

501 -650
78 -134
35 -114
-73 80
-100 2
49 -76

26 -14
-11 -33
-3 47
45 -22
19 33
-7 -20

47 -3
643 -135
-506 438
868 999
-285 -567
252 327

-31 238
-201 -452
-75 661
-263 299
-23 254
399 601

6 -3
1 7
17 -19
15 13
-4 12
-12 10

5 -18
10 -8
4 14
-11 18
-3 17
11 -6

-2 -16
-23 -9
-48 -18
48 2
-43 2
16 -2

1 141
167 612
456 -708
954 705
788 234
-331 -801

-574 -851
-555 80
-383 343
-371 41
339 112
-426 -183

341 -486
32 -177
-411 126
293 -187
520 577
234 -195

-17 19
8 -2
-2 9
-19 3
-6 7
20 20

-162 -433
-372 -709
-989 -833
417 99
-290 -58
201 -153

-498 389
127 -65
-484 413
-360 -921
-410 -988
672 889

64 -34
-1 -17
-26 55
79 93
39 38
-66 0

21 666
-52 -6
-143 -852
-15 15
-27 -8
3 -1

13 -12
991 -589
491 -294
-3 -1
-2 1
0 -5

-14 13
35 -39
39 -43
-2 1
-4 -3
0 -1

-325 704
-963 956
-327 610
-548 690
-862 -112
-971 -583

14 11
-2 -6
11 2
7 -10
10 -1
-5 -15

-280 -71
33 17
926 295
8 -9
98 -15
18 84

-2 -25
44 -77
75 -112
13 24
-6 -21
-3 -14

-26 -46
-21 -23
29 -15
-48 -14
20 -12
-37 -30

398 542
909 371
-435 759
286 467
362 545
446 216

-31 -208
-485 -439
-377 -304
233 -150
-10 -304
368 -214

-24 6
82 95
-6 23
-13 15
-37 -41
21 86

-5 1
-4 1
-5 3
18 -41
7 -20
-39 68

7 -78
-58 26
12 -29
177 49
362 209
-948 -944

-336 416
-222 425
-306 347
621 -347
-616 622
-161 259

694 907
194 777
-719 837
-219 967
520 267
933 77

-3 -5
-1 2
1 -2
-149 147
282 -279
19 -19

-73 -152
82 166
-18 -38
16 22
9 -8
15 -8

215 -440
-35 -244
581 -740
866 -908
155 -380
-239 -92

-50 27
812 -831
0 -23
-17 5
8 30
5 19

-100 -137
-55 -59
-258 -401
-7 2
-28 -14
5 -10

5 -3
5 4
-5 0
2 -1
528 -95
193 -35

-161 -202
533 -606
-199 -221
-677 260
197 -918
83 -797

438 -346
622 -438
558 -926
614 -437
-986 -133
534 -362

86 764
83 -747
86 -60
86 89
68 41
100 -11

46 -66
7 33
7 41
-6 -59
20 -10
72 76

-55 74
485 -356
-31 54
25 15
23 -1
-5 15

11 -110
-63 -6
11 -398
-63 281
-128 448
11 -237

66 60
-552 -893
520 730
60 -51
43 93
-85 83

-5 -1
4 2
-4 1
20 -16
140 -97
115 -80

5 0
0 4
-5 -2
-277 -511
-44 -76
7 19

-12 15
-3 -15
-9 -13
-15 13
-12 -3
-3 3

12 41
16 12
0 -44
-5 3
14 -38
28 -32

-80 -314
352 -135
-16 -214
-448 -393
320 -185
-416 -343

499 792
-67 214
872 521
261 223
14 -290
-660 -196

4 -1
-2 3
3 4
472 122
-17 -2
-72 -16

-45 -51
63 -53
-45 37
-45 -50
63 127
-9 -79

-39 74
-9 12
-67 26
-360 -634
-80 -90
-261 -453

-710 -519
454 -359
-941 -474
-598 136
-364 346
-167 141

-291 246
-83 -81
-159 -42
-28 -436
-306 606
92 -946

-560 829
-509 904
346 247
80 361
28 577
-463 739

349 -357
865 -337
76 -202
595 675
963 -525
694 120

77 -95
101 -125
18 -20
1 4
-2 3
4 -5

-21 -54
205 474
-339 -797
1 -5
7 8
5 6

-876 65
-412 94
20 526
-359 68
634 0
499 -180

-5 -4
5 1
0 1
321 -45
-4 5
3 4

-71 -355
-355 -351
205 305
-221 311
33 342
355 -361

4 4
-7 5
10 -14
13 -7
-2 -10
9 5

15 19
19 -19
-10 16
-530 -283
9 -11
810 395

-18 -22
-39 -19
-38 -10
36 16
-3 -15
21 9

-2 8
-20 25
4 11
-317 400
-771 984
2 -10

1 -92
-41 -38
-100 -41
-99 -62
60 -89
6 -59

15 12
427 420
619 610
-5 -4
-3 4
2 -4

26 -85
-85 7
-28 -41
-67 15
2 -61
-55 3

12 -12
-6 -11
6 7
-12 -6
-12 8
12 7

-462 110
-459 94
-264 -811
-252 -842
-408 -129
-279 -716

87 -79
12 72
90 -78
120 106
126 110
384 194

29 17
19 33
-11 47
47 -8
24 -32
29 -12

-306 175
-266 307
307 281
-466 -353
-426 -221
267 149

-1 -2
-3 -5
-3 5
-1 -5
-5 5
-1 0

-5 6
-12 10
-2 3
4 -1
-1 3
15 -8

11 -1
-24 -24
-16 18
3 -43
38 -20
46 22

-260 -314
61 -533
-408 98
-215 -58
-298 674
-448 794

0 -4
0 -1
-4 -4
4 -2
0 0
-4 -1

95 111
-7 526
97 194
-79 87
67 -55
-18 -36

2 5
2 2
0 3
-5 -5
-3 -3
-1 2

-32 22
-18 25
-17 33
-2 44
-33 14
-48 3

-7 -68
17 -92
97 -100
-106 -64
-148 -72
-310 -144

4 5
0 4
5 -5
-53 25
-915 344
-18 12

-2 17
54 65
32 -19
-16 5
-61 -1
6 89

753 -421
19 -5
385 -213
-16 -13
8 -5
-2 9

3 5
5 -3
1 -2
931 -212
17 -8
783 -179

155 79
758 455
608 358
-49 -17
-49 24
-100 -90

5 4
3 4
-2 -5
3 -5
1 -5
-1 4

-58 -19
-44 -101
-240 982
-66 7
-59 -71
-80 33

-834 614
-460 -177
-872 538
676 -14
784 -95
66 -98

-148 2
-176 -190
110 -46
-462 -387
-186 -39
329 426

908 -540
-426 -599
261 -473
290 406
118 -463
301 -280

299 745
475 706
735 -281
512 786
-128 463
-4 270

-229 -502
407 656
25 -155
195 6
15 204
355 238

25 7
-26 -9
-22 -13
394 -705
8 26
-168 360

66 1
-3 569
65 13
68 -49
-43 40
36 -21

17 47
-18 17
-34 36
-2 -2
-39 -1
33 28

-662 -947
-126 -327
646 572
-47 -38
-269 -166
18 14

3 39
-49 -8
2 45
-45 -32
7 15
-46 -26

32 32
6 23
-65 -14
100 151
627 848
-19 -7

19 -2
-5 6
-17 7
15 -6
-17 20
-5 8

-14 73
-67 49
26 -27
-2 43
-9 -96
-49 4

5 -441
38 43
-78 235
386 532
624 946
-92 -562

-714 -725
-302 -331
32 -14
50 -53
56 -10
88 54

-18 29
-14 50
-1 -42
3 -21
28 -50
7 0

31 49
-38 5
-49 -7
-14 -47
26 24
2 -10

-25 120
666 88
782 88
26 92
69 72
21 8

-13 -8
-29 13
26 -14
-16 -1
487 113
-923 -208

-377 503
734 -295
852 -142
-77 318
190 492
80 -569

-901 -757
-18 -15
765 643
-1 -5
5 -3
-3 -1

-229 217
-817 -612
795 -110
577 468
98 -650
-338 506

-714 -106
-250 -299
-480 -1
-710 297
-254 -702
-24 -1000

421 -847
83 651
108 242
376 -114
267 -439
447 -827

-559 540
48 -75
-728 687
50 -42
-53 73
-94 -24

11 4
9 6
8 -3
3 -8
13 12
5 -2

-9 16
13 -15
-9 19
2 3
-9 -10
-20 -17

33 5
13 -38
23 13
19 -31
1 7
3 -30

12 20
113 231
11 18
5 -5
-4 4
1 -2

-34 2
-42 -44
-52 67
-72 -48
-80 -94
-18 94

-209 -470
886 -342
-209 -569
-866 -802
-371 628
-524 405

739 239
332 941
76 309
931 713
-555 458
803 397

13 -15
7 -1
11 -13
-5 11
-7 13
2 -4

52 263
-38 -217
-228 463
-553 677
-703 713
622 -621

366 -430
-490 397
-258 197
-58 -3
365 -586
473 -686

-7 -17
24 48
-1 -14
22 47
11 -8
5 -11

1 -118
-119 -541
49 87
-39 -80
-41 40
-75 -68

-742 -955
-810 -768
901 237
-952 -1
429 531
959 454

195 913
-61 -148
179 855
-53 -62
-27 -73
53 -25

-34 -30
39 -38
32 -30
-11 -38
9 -22
37 -26

-88 -21
54 -62
70 11
82 24
0 -37
-96 26

5 80
41 4
2 61
-46 61
306 -243
193 -148

-29 6
-20 30
-26 -29
-14 -40
13 -11
4 -35

-136 317
-418 590
167 18
74 -22
5 -86
-34 -99

-630 -484
-654 -970
-412 52
-408 133
12 881
-735 -671

684 -513
-584 229
166 -288
970 -446
-694 -273
282 -434

-63 92
-16 45
44 -75
-31 -150
-37 -134
-190 744

-17 96
-65 63
-30 71
45 -22
67 -39
-52 88

-14 11
-11 10
5 7
2 8
-8 9
9 8

173 -341
305 -122
-311 -406
-244 910
167 374
-346 806

-11 57
77 81
-27 35
-376 -843
98 305
-33 -9

-963 917
-753 523
-328 -250
-198 -372
352 -770
217 -663

-2 14
-7 -24
-10 -12
132 607
-4 -3
117 541

41 11
-36 50
-37 45
-30 27
-48 43
-34 7

-28 -93
-88 -18
95 64
154 -154
9 79
94 71

-6 -18
-12 -11
6 -20
72 -149
-36 37
-6 -14

-9 -6
-13 -4
5 -9
7 -14
11 -12
7 -10

-32 -529
78 -431
-129 157
-356 -350
-258 -182
120 -401

-22 15
17 -16
2 -19
10 2
-42 11
-12 17

-16 -1
2 -11
5 -18
12 -13
0 -17
-3 -10

0 38
-49 24
-39 -31
-44 49
3 26
33 -49

-215 -283
-634 175
-387 201
-581 -673
-495 -33
-717 -243

1 -7
0 -5
-50 85
-1 1
1 -5
-4 5

-5 10
7 -12
0 10
-7 -12
3 10
8 10

-445 686
-229 304
-175 199
-49 -8
-85 -14
-49 -65

-230 59
120 12
-146 171
142 348
541 397
491 499

484 425
-160 -225
164 -60
122 -178
92 483
-58 310

-94 -24
-84 16
-96 -61
-4 131
-48 52
-530 -820

-40 57
-44 -49
46 65
-10 95
29 -7
-31 -83

-830 -827
-525 -341
-718 -561
-316 20
-100 430
-369 43

-983 174
-994 176
9 18
22 16
-24 24
-23 18

38 -3
-27 50
-46 49
-4 23
4 -33
17 10

-261 405
-685 73
-117 12
513 303
807 -276
-95 771

-65 437
-315 24
-143 368
518 535
510 516
-390 249

-12 -16
0 -18
6 0
-13 0
-15 13
7 -16

-8 8
-15 4
-1 -10
-8 -11
6 -11
0 0

266 -496
-25 -343
73 441
241 525
231 -117
-133 828

149 -56
173 -102
-687 -783
-809 -258
32 605
-139 496

-305 442
457 -176
-238 445
-254 54
-224 -330
-392 364

-1 1
1 -1
-3 0
46 46
98 100
17 16

-199 -548
50 780
105 -410
226 512
-180 -754
-17 664

-44 -78
58 109
-32 -57
-9 -24
12 3
-5 -14

-530 -832
424 -148
169 -889
311 756
-12 832
-652 -666

219 -54
-477 -284
-378 -364
-331 -365
-403 26
-109 -481

4 3
3 -5
4 2
300 742
11 15
-342 -873

-7 6
-8 -14
-12 -7
-14 11
10 -2
-11 13

48 -12
-18 41
30 50
32 -15
-16 -24
-50 35

582 610
936 916
718 762
199 211
119 227
246 354

2 3
5 1
-4 -1
-403 914
149 -309
5 10

8 23
-16 -25
72 97
-28 11
-20 -57
-12 37

-1 674
737 876
32 786
-895 -518
875 193
835 134

-21 -7
-12 -7
18 -25
-453 488
3 -45
621 -767

471 -760
411 597
827 -293
-758 -193
331 -636
-867 -618

13 -20
-2 -2
3 0
-2 10
6 -10
2 15

33 -32
-38 -37
-28 13
35 -22
-21 48
45 28

313 154
37 -202
-585 -990
158 -296
-161 -586
866 360

-269 -47
-289 -35
-316 12
-445 -55
791 613
-309 19

701 -766
-214 -28
-74 -154
-92 -100
96 73
50 -33

-43 73
10 47
-1 19
-4 65
28 66
70 12

3 5
5 -2
4 -2
2 5
-1 -2
-2 -2

-18 0
12 30
-7 -18
-57 -63
481 583
-34 -37

-3 -38
36 13
41 22
31 4
2 -29
26 -5

222 -338
541 -421
-981 49
-407 478
-185 -234
-140 -272

886 -661
-871 -423
-802 -199
-625 -643
315 -817
-300 -267

-139 -444
-29 -426
112 69
-173 -75
439 339
-223 -24

-662 914
-64 -110
85 -256
877 -784
779 -644
373 -730

-15 38
12 27
5 0
-29 -16
-5 19
29 35

44 -46
-2 63
87 -89
137 134
53 -349
34 -426

30 -4
9 23
16 26
-250 -464
-5 -15
-292 -542

46 -90
133 -113
75 -36
5 69
-12 -8
42 -79

-15 -37
-17 -49
-49 16
30 -24
32 -12
-14 -31

408 -368
419 -379
215 137
458 -106
187 231
239 179

-15 5
6 5
-13 2
4 8
-4 -15
-5 -10

4 4
-2 0
-2 5
-5 -54
-11 -2
-2 -75

25 -47
-14 89
17 -41
46 -17
-2 80
84 -76

-18 -31
1 24
-5 3
-8 4
-10 -3
11 36

461 -184
-13 9
650 -261
2 1
2 4
-5 3

-64 189
338 175
831 31
-297 60
954 487
776 467

-230 -717
-600 480
376 -787
155 63
-528 -23
-672 983

12 14
-4 -13
0 -12
8 13
2 0
10 2

4 -28
-42 -20
-8 3
38 -5
3 30
27 -32

-392 -93
356 183
239 156
-115 -162
-53 -84
765 750

841 536
358 201
-101 -114
1 -80
-17 -44
-34 80

-127 303
37 -39
23 -7
30 -18
-8 -2
25 -28

44 -21
37 -90
10 81
-45 -24
-83 -10
-79 -92

5 -9
-7 -15
-10 -14
-1 -10
-4 -15
8 -5

-688 -587
790 -183
165 -234
-401 570
562 -485
-798 821

218 -400
163 -906
416 809
134 -356
-405 216
224 -389

1 5
-2 -5
2 -4
220 957
167 726
-4 -20

-569 -266
-3 5
950 462
-8 16
13 -12
7 15

-601 660
81 846
-792 477
-404 559
85 178
-501 452

716 -84
204 -524
-177 -941
13 -697
531 -305
-92 -865

-6 -26
22 22
4 -12
-491 -352
12 22
101 88

-192 -170
-4 352
187 150
-197 39
729 -956
-649 376

17 25
-17 -13
416 471
0 3
-1 5
2 1

762 85
993 109
94 18
18 19
50 62
19 3

3 -6
-20 5
26 -6
-349 359
58 -58
806 -825

-866 -655
-838 -563
-809 86
-395 725
-424 603
-804 -461

-38 -7
-12 32
-40 -80
67 335
85 381
-66 -106

-106 18
-378 200
-493 372
-415 157
-299 48
-181 160

93 -60
-91 -226
-255 -83
581 -121
-465 -508
-551 -591

-56 21
-53 25
-4 74
628 -604
853 -845
-58 131

136 54
343 953
169 527
291 -819
347 -108
303 552

23 24
-22 -11
26 9
-1 4
-32 15
84 -1

92 42
19 72
-92 75
57 99
54 15
18 44

-241 -324
42 50
668 878
-4 -28
18 19
26 27

43 -18
8 -14
-27 48
-27 -32
8 44
-27 26

4 3
-2 0
-4 -3
3 0
-5 -4
0 -3

-12 -969
-386 -954
-657 509
91 479
-283 494
-760 -939

-81 -36
22 -71
42 51
229 -253
127 -107
607 -664

-126 -74
7 1
74 39
-2 -5
3 -3
1 2

-265 413
-120 231
-255 193
-435 -359
210 -261
-365 -395

-4 16
25 -25
13 -9
43 -49
-16 32
31 -33

29 -33
38 50
61 86
469 -606
-21 117
684 -920

189 -170
140 207
268 -145
348 -501
-468 -705
664 -384

-26 25
40 -22
40 -34
-26 37
40 32
40 20

68 306
390 -338
302 -261
-759 -587
-726 -455
-217 615

-13 -12
30 17
-5 8
9 -57
2 -321
8 -5

7 76
13 -98
5 52
47 -6
27 50
84 -85

557 747
822 -263
649 563
598 267
708 -213
781 -933

-28 -26
-8 -21
4 29
-26 -79
34 231
-4 19

4 4
-5 -2
0 1
235 602
10 20
39 95

-5 -32
5 11
-51 -233
2 5
-1 0
3 -4

4 4
-1 3
-3 -3
-367 27
-10 7
634 -29

-23 -31
-69 -22
-90 -11
248 760
91 -68
29 -397

685 -732
47 -133
-905 768
-411 286
-462 337
-80 45

-135 659
-530 380
-140 922
770 -128
378 152
593 267

515 -262
-24 -295
-701 -300
903 -263
-761 -281
-928 -271

3 1
0 -5
3 0
-786 -391
18 4
-843 -419

583 125
108 24
-836 -632
-6 -288
-430 -352
-311 176

693 -182
340 795
341 -219
310 184
-295 629
291 788

0 3
2 -2
4 -4
179 671
9 14
-43 -187

-164 840
20 -931
-598 921
-60 -161
-952 232
-414 -850

-4 -4
4 0
2 1
-4 -2
4 -2
-2 0

-4 -1
-4 -4
5 5
5 2
1 -1
-4 2

49 107
-437 -470
-338 -343
-52 174
184 -57
-265 363

567 775
-244 -48
-740 608
970 242
474 898
-864 772

4 -2
-3 -4
-5 4
-393 884
2 -8
257 -584

51 -858
355 390
448 541
323 459
787 271
631 183

-879 -68
-847 -189
621 -903
441 -703
-355 -145
289 -402

877 -875
-664 -222
67 -446
258 -384
146 -651
607 -732

-10 -12
-8 -10
18 -1
15 -12
20 12
16 -14

-360 42
-744 120
774 -642
345 -76
981 -306
-429 -70

9 -371
-228 118
99 -741
-189 51
-273 583
-102 20

-17 -27
10 29
-3 19
28 779
50 33
48 80

-1 2
0 1
-3 -2
4 -7
7 -10
10 -15

-3 -13
5 -12
-11 2
5 -2
-15 4
17 -12

25 19
-27 -27
-25 18
-49 6
-841 -604
-57 -3

-1 -8
-270 139
-297 157
-26 -11
-22 6
23 -21

-14 -7
1 -12
2 3
-13 8
17 -2
7 9

-77 19
-69 43
-24 12
86 918
-98 -162
69 811

545 194
316 111
7 -1
4 -4
2 -3
-5 0

-88 16
-1 -36
71 -95
-31 -50
52 -73
-50 -28

-339 966
69 -179
-297 844
75 -77
7 68
13 80

2 15
6 -9
1 -11
-2 7
13 -7
-9 5

-5 1
0 -2
3 -3
-1 5
-2 0
-3 -1

275 -72
990 -346
-28 -485
-852 889
-440 202
687 -759

-22 -35
-163 -265
5 5
28 23
6 21
-28 -8

18 27
-24 -15
-14 25
11 -47
57 -57
-139 13

240 112
276 -46
-631 123
-667 281
96 744
60 902

4 15
-28 26
-1 7
-11 -9
-13 50
-18 42

90 -40
-37 -3
-18 -7
-4 -12
1 -11
-24 23

-707 985
452 495
-695 -187
-692 -480
461 -384
449 788

45 -19
13 -5
-42 4
-35 16
-19 9
-97 13

-39 31
55 -45
78 1
-118 -183
99 -413
-535 231

16 9
-20 1
-10 4
16 -1
13 -5
11 -17

186 -246
-4 13
-106 152
3 -2
4 3
1 -4

39 70
-176 -451
322 776
-67 61
-2 65
61 2

2 5
-4 -3
0 1
552 20
16 2
-996 -32

393 564
613 490
697 944
569 435
283 -97
-325 -857

-39 -48
48 16
45 22
0 -7
6 -19
-42 -42

-15 -4
11 -4
9 -11
-13 -11
9 3
0 -11

-48 -43
38 47
-11 20
1 -16
40 41
2 39

-12 4
-11 3
-9 -11
-10 -10
-10 2
-11 -15

268 -374
-602 -599
296 -289
-603 606
577 -644
-294 336

-43 -12
25 12
-18 6
45 -23
25 -14
-19 37

-536 69
-35 -484
-821 474
339 -634
-16 -209
-227 -84

79 392
-255 -420
-326 -115
-88 -14
-276 -500
253 19

42 69
49 -39
5 41
53 49
1 84
61 -37

206 762
330 962
-495 779
-914 -239
728 993
-643 51

1 -7
18 -34
-41 59
-4 4
-2 4
1 -2

-585 1
-434 87
816 810
633 778
964 884
858 845

-84 14
-78 59
-57 -85
67 152
-200 -167
-14 62

-399 -657
-95 19
-383 559
-840 -279
-252 -335
-921 339

-314 417
-245 72
-271 -278
-617 852
925 -378
-565 832

87 -18
90 34
-73 -93
-70 -41
-67 11
84 -70

9 -13
6 -5
14 4
-2 -14
3 3
11 12

9 -32
47 -16
45 28
35 -36
13 -49
19 32

-485 149
-725 -403
-116 46
184 736
-565 -35
-56 184

57 -64
-79 5
-17 7
-113 570
-189 103
-183 80

329 -363
-735 -229
-740 -239
244 -338
311 -399
186 -454

0 -2
15 11
1 6
13 -5
2 14
14 3

64 -305
-264 -287
-264 229
-131 727
121 -321
-305 779

-2 26
45 4
-29 38
30 -26
38 -12
35 -21

-4 6
11 -3
-14 0
-14 4
-4 -6
9 -1

0 -2
4 1
-5 -2
-3 -2
1 1
-4 1

-259 141
534 718
171 349
-689 -67
964 926
292 472

-4 11
9 -1
-3 2
-14 17
-9 7
-1 12

-78 53
-63 73
8 1
65 -48
66 -5
9 44

-87 -91
-73 -80
-9 49
-89 11
5 60
39 66

-21 -10
9 -23
-19 -14
-55 16
499 -427
-139 83

-369 253
-264 211
-96 375
303 985
292 924
-432 -884

-46 98
-2 54
-59 -89
414 -172
-142 30
720 -299

-51 55
44 -88
94 -82
-38 72
63 -78
0 92

-160 510
817 483
-748 406
744 -78
781 609
903 -301

193 -466
103 -283
-72 314
319 146
-82 -148
-45 -175

-699 -796
850 922
-268 -38
803 -670
-827 -518
-955 -240

-27 29
7 3
29 -1
-11 36
-31 0
-42 2

-29 5
-14 44
-45 47
-3 -11
19 41
-3 46

956 -244
230 -423
-232 -6
-254 139
472 -284
-144 -456

283 573
17 34
-27 -57
-9 30
20 6
2 4

-39 31
-29 35
-10 -18
-17 -41
-31 14
-7 -37

4 156
1 50
0 16
-2 1
-2 -1
0 5

2 0
-4 1
-1 0
-16 -18
-499 -773
-586 -909

51 185
267 927
-17 -84
-353 302
182 -394
-465 462

-87 8
-74 -5
14 5
100 87
-36 -99
99 95

-353 -696
-137 933
-465 641
-43 -631
77 -81
-715 216

317 -232
-97 -460
-271 -430
-361 -165
-412 -256
59 -437

-35 -308
-965 -401
-370 -177
-372 -684
-572 -389
-755 -884

156 485
90 -43
342 -235
478 -127
16 137
351 261

26 -16
-25 28
29 -8
-41 40
451 -779
7 -41

-143 55
14 -9
-251 99
0 -3
-4 3
-4 2

-186 29
41 -56
-202 39
-68 -9
58 -37
-15 -28

-950 -621
-98 60
-230 -25
-462 -192
286 460
104 278

-3 46
-5 -36
-15 -45
5 -27
-13 37
-14 -4

-14 -12
-14 -10
9 -5
-14 -9
9 -7
-14 -11

-61 -22
70 46
-92 29
-80 32
-601 125
782 -105

8 -13
3 -20
-20 -1
20 -9
-14 1
-9 -8

-12 -24
-97 -63
-22 -36
-47 -3
58 -3
63 3

-9 -52
36 -533
-34 192
-29 -24
4 -13
-28 8

-5 3
2 1
0 1
22 42
37 73
11 19

332 627
483 575
-140 107
-593 263
785 471
-442 211

16 -465
700 89
-429 -827
70 -16
345 -150
378 -170

-418 204
296 238
-477 417
-451 -445
-175 -270
-483 93

121 -159
-408 255
120 -202
-406 341
-405 384
130 228

-598 526
338 162
148 254
216 137
160 377
250 294

594 726
-519 530
-363 607
-192 789
-147 579
84 726

-764 416
-2 79
-311 204
91 53
-23 30
-92 94

869 927
-25 -17
-33 -26
-5 -14
-9 1
17 27

-2 44
-18 -52
9 82
208 212
-15 -55
56 28

0 2
-4 -1
4 4
0 0
0 -1
-4 -2

-7 -4
13 5
-12 -9
3 0
8 0
-14 -11

-13 -12
-370 -355
13 13
-1 -3
-2 -1
-4 -4

-99 101
-10 -306
95 -172
394 -311
305 96
200 -38

41 -22
37 1
39 39
43 16
47 -7
29 47

901 328
963 -156
-937 -330
932 86
-875 -814
994 -398

-45 82
50 37
57 -21
-12 -43
31 46
-38 24

-4 -1
5 -5
0 4
-19 19
-854 732
398 -337

-11 -5
-15 11
-7 -10
-10 2
-2 -19
-6 -14

454 810
-849 -756
-466 -572
760 487
-6 119
837 994

391 -300
487 543
705 619
859 133
205 -95
673 338

-7 13
-152 133
654 -534
-5 -5
-2 0
2 5

-390 294
224 178
-211 -114
-326 469
32 -347
339 -405

659 -777
339 -693
408 -802
-461 -483
88 -718
-781 -399

0 -4
-1 1
-3 -2
4 2
2 -1
1 4

20 -9
7 -13
17 3
17 -1
-13 6
-19 13

-193 -100
-323 -333
-327 -347
-444 986
-261 -321
-267 -283

45 44
-35 17
9 36
17 47
27 40
-29 46

799 583
-617 493
-665 -765
751 -675
970 437
-836 -619

-985 280
-800 456
-705 -663
-431 415
275 30
244 -270

-5 20
5 17
11 2
-8 3
-9 -6
6 -3

-3 5
-1 5
2 -2
-2 -2
1 5
-4 -2

10 1
20 -3
-7 13
5 16
-3 14
-1 8

37 -27
26 -33
-24 -42
28 -38
-13 -36
-11 -41

-26 -2
49 150
-249 -456
-24 22
-8 16
9 0

-7 -90
-23 39
-9 -76
-4 93
-13 -14
-11 6

-246 -740
676 -62
-326 -90
-454 950
71 769
756 -712

0 3
0 5
2 -2
2 -3
1 2
1 -2

73 14
57 -58
-63 -73
76 -60
64 19
-44 30

-426 92
153 -34
20 -5
1 -3
-3 2
2 4

-609 899
-677 1000
-16 19
5 -2
-5 5
-4 -1

93 -392
-796 735
-306 -15
-279 144
-941 790
-569 254

899 644
35 -976
835 550
-781 -595
482 -550
-775 -577

6 11
0 9
-6 6
0 8
6 1
6 2

-4 3
1 -1
-1 2
-130 -123
13 16
265 261

38 42
3 -28
21 12
14 -30
2 -26
7 -16

-330 -192
494 -382
-506 -34
-580 -105
568 -311
-654 -176

31 -30
-31 16
34 -44
-17 48
-27 -27
-35 -14

-730 178
-561 144
-33 40
-1 -29
-13 -18
-5 6

6 39
-5 -46
-2 -17
-19 27
-19 23
-35 28

-845 55
320 434
-454 -276
-65 -264
709 446
326 -595

-87 81
15 -14
149 -139
3 -4
5 -3
-5 2

5 -1
-5 4
-1 -4
-3 5
4 -4
-5 -1

-15 17
-20 37
-18 17
36 37
33 37
44 17

179 118
-72 -171
-689 -883
43 -37
53 -8
44 -74

2 -15
11 -5
2 11
-10 2
-7 -12
11 -18

760 740
455 244
97 -670
581 283
707 322
-29 -709

-3 0
3 0
-2 -5
-4 2
2 5
4 1

-500 -413
-328 -479
284 -14
-27 122
427 481
-85 -189

-261 -244
-25 -179
500 346
-343 206
-490 -74
-361 -439

-1 -69
17 -15
61 -86
69 -91
-33 38
-89 73

-571 268
541 -248
13 -3
3 4
4 -2
5 0

177 498
413 2
437 278
-163 -322
-182 -821
26 587

-476 189
387 -394
45 -166
-149 408
385 -385
-143 404

-285 -242
-417 -238
58 -235
-479 -159
-115 -234
-31 -245

511 442
947 629
432 13
-440 -361
75 255
-4 -174

-18 -49
-6 -44
-20 44
-8 49
30 -29
-1 5

4 -3
4 3
0 0
44 166
66 241
-10 -17

62 -308
-50 839
138 438
-766 550
-352 121
928 -793

2 -2
2 -3
1 -1
-4 3
-5 4
5 -5

2 8
-13 12
-14 7
0 -2
-1 -7
-15 2

-23 39
50 -31
-24 40
-23 42
-20 50
-29 27

67 441
11 31
-22 -211
4 -12
2 3
4 -23

-387 327
-260 40
-77 424
299 106
980 428
-631 -185

396 -382
18 -189
-344 -196
-336 425
88 481
444 357

11 -2
-4 -58
15 -20
27 4
8 -4
27 30

-548 377
-760 -425
396 615
-853 612
-121 48
-455 -660

730 -760
130 -496
-354 426
-187 -2
4 623
604 359

-8 24
-23 19
-20 8
-87 59
-18 2
36 -40

-51 -13
-44 70
79 52
-21 -76
323 993
-2 -47

16 1
14 -18
19 0
7 4
10 3
11 -17

78 -187
-450 65
-327 -79
-479 -15
-371 174
-631 136

-268 -272
-234 143
280 316
-28 -393
-405 -419
143 169

-926 -621
-85 8
844 699
71 -28
62 -49
-84 -33

276 85
321 -50
-3 -617
-166 -275
-581 -230
211 -149

-354 -185
-247 282
-35 275
494 -213
-107 -350
-142 -192

5 -2
-5 -1
4 -3
3 -7
-71 -204
36 81

-15 56
-13 -376
-15 -159
-8 -20
-22 -28
-11 9

361 899
68 979
796 -477
324 -292
-735 -957
-25 -859

-62 -300
-113 -79
-391 387
-326 -564
-161 77
36 614

111 -279
-188 -201
5 483
-149 -407
176 -247
254 467

494 726
361 615
-773 -519
-269 -213
-455 -345
75 -103

-971 428
-513 425
129 251
-843 859
-321 389
663 -348

-49 -9
-39 -7
-13 -35
-29 -5
-45 25
-23 -37

1 11
-2 14
-1 11
-10 -10
0 14
-11 -13

-52 1
-83 60
23 -50
18 -94
1 -54
16 78

11 1
7 -7
-8 -11
15 9
1 7
-17 -3

-4 9
-65 -2
-23 -8
579 371
94 55
251 159

-63 79
-52 56
70 -71
51 22
-890 -324
735 275

344 -826
-122 -78
49 -600
-188 798
-89 196
-350 618

-33 -38
49 2
-11 -38
-38 50
-33 15
-8 16

3 9
9 19
-12 -18
7 11
4 8
-11 -11

1 -26
-25 25
9 6
-67 -942
-8 55
-57 -752

721 584
278 678
-795 -350
-814 239
-503 611
576 113

-172 -366
-160 -334
460 -72
144 -219
412 -200
120 -283

906 -214
282 -731
182 -801
-973 -206
582 -521
-801 -246

26 -62
188 -209
718 -687
-62 12
-50 45
-68 35

28 6
28 -7
4 0
16 -70
-8 -34
20 -89

869 -846
837 -357
833 678
848 -63
852 -568
908 153

2 -6
6 10
3 -1
7 15
6 12
4 2

37 -41
-20 -41
50 -6
-12 29
41 -6
-16 -6

5 1
-7 -2
9 -19
12 -11
9 -18
-12 17

422 453
266 375
-77 103
-887 207
-855 189
80 153

-29 14
11 -22
27 15
-12 -27
7 33
-45 -23

-11 18
1 4
13 7
7 -3
-1 12
-5 -6

462 623
-325 -795
259 244
82 -172
36 -241
-175 -331

57 -349
288 -100
474 -135
115 420
-7 53
102 -65

64 -239
-290 499
-81 93
57 43
360 -143
424 -217

-26 96
-18 65
45 -21
145 4
52 0
-120 -21

-216 110
-57 -9
871 -667
-13 -8
-96 75
-84 -7

485 309
156 134
-65 -29
-92 -32
-9 -64
64 88

-5 -1
-5 -5
0 5
-241 163
2 -9
-806 563

22 -9
29 5
10 -18
38 3
-31 -40
-19 -31

92 22
57 91
84 -60
-68 93
10 37
6 -4

-183 -113
115 -393
399 -111
-114 -395
256 -401
-173 48

-808 846
-113 782
-663 -1
-518 -848
177 -912
32 -65

-79 -11
74 27
-61 9
44 67
-52 63
26 91

-44 -7
-4 -2
-7 -10
-26 -20
50 -41
3 -24

381 133
151 50
365 374
465 -380
129 669
407 -30

265 -917
41 383
-388 53
-692 101
746 -235
-800 -313

-9 -13
12 -14
-10 -13
-8 -13
11 -14
10 -14

0 -3
-3 -2
-1 0
4 1
2 -1
-4 -3

86 0
-93 55
37 3
53 -20
54 46
87 66

-569 -750
728 -66
949 172
-207 176
443 302
290 30

207 193
310 234
-142 145
-116 -372
-109 -151
-62 -5

207 -928
-164 -5
33 -754
-155 450
52 243
-20 -149

-395 530
741 82
-194 596
-51 46
454 212
213 -194

-141 238
-841 922
730 -441
-303 -163
555 -270
-821 42

4 -11
-18 13
5 -3
5 -20
-3 10
-11 15

650 459
-109 90
-837 254
361 184
-626 325
664 539

-154 -373
-124 -388
-162 -324
-161 -275
-282 69
-404 427

-910 -331
152 -369
-354 -465
-126 -302
430 -436
202 -599

-339 -895
-897 -484
-399 -695
-25 -163
803 116
-669 -485

5 -3
-3 5
5 0
-3 -4
-3 -1
5 3

-420 607
-4 35
19 -1
-2 -29
-16 27
29 -23

164 242
-75 166
460 -89
166 24
-16 -459
197 -452

-44 -20
42 12
-78 74
33 -98
-27 -67
-35 90

5 0
3 3
3 1
-8 -11
-105 -138
-616 -807

47 -86
-57 90
6 92
97 -62
70 38
-30 -10

638 775
241 156
-750 -921
-153 478
-350 639
441 936

-286 -660
-60 -37
-271 -615
-24 -16
-10 3
29 -3

-3 4
5 3
0 -4
-15 -1
746 128
-221 -36

94 44
57 29
-10 2
-2 5
-1 5
-5 -1

-375 787
954 394
-627 913
455 641
-47 827
743 398

-973 -764
-587 -964
154 -455
942 192
-811 45
55 -79

14 -1
-8 3
-12 9
11 -11
8 8
3 1

727 -754
409 -887
267 -945
836 -709
852 -703
371 -911

-264 -346
201 573
333 901
-26 -924
-281 -975
501 -941

767 352
-1 -406
909 616
525 237
725 -61
667 501

-114 -328
-322 36
277 -192
125 334
-58 -571
156 -445

424 251
389 220
-387 -473
215 -298
304 31
234 -230

-263 -95
-146 222
-210 262
-697 -604
-729 -584
-407 -5

954 -327
-76 7
29 -27
-20 -25
5 -15
0 -19

-398 295
89 -74
451 -308
148 -20
-214 -113
-460 -122

86 603
148 341
-307 -816
-118 237
323 327
-221 -217

4 -4
-7 0
15 -4
20 -14
18 -10
5 -6

370 165
-480 -455
-54 -353
46 -454
-239 -314
385 2

-4 4
4 -3
-4 1
-44 -20
-256 -163
-16 -1

-33 -10
7 33
-8 -18
32 25
42 -34
17 -26

-817 367
-597 363
233 283
336 -49
-156 305
-270 358

-936 970
999 -340
80 -239
-839 -138
-17 869
902 768

-1 -1
5 -2
-1 3
1 -19
9 -208
1 -16

343 280
-161 -556
838 699
503 188
-656 -975
-321 -464

-74 62
-25 53
98 86
-67 -69
9 -32
21 -62

102 895
160 894
-52 -76
-309 -31
-193 149
-119 -223

157 393
-5 -16
39 95
-1 -4
5 3
3 3

123 -89
34 -24
24 -18
4 -6
11 -1
-15 -3

-21 396
39 356
404 -444
62 34
-54 218
-59 -62

30 -5
-14 -4
-106 -2
3 -1
-4 -4
-5 -5

-17 13
-4 2
22 -19
-4 4
-3 1
1 2

-567 260
-42 32
525 -215
7 13
-21 2
-14 19

-91 -8
21 68
81 98
885 934
-31 30
-131 -70

88 36
55 -94
51 -2
-30 83
-63 -47
-26 -9

4 -20
14 -5
-4 6
11 19
0 12
15 -13

-7 -2
-10 -6
-5 -7
12 -15
5 -9
-11 8

3 1
0 -5
4 -2
4 0
-1 1
-1 -2

101 453
763 -130
103 785
979 -117
455 318
977 -537

0 3
-4 -3
-5 -3
-3 5
-3 -1
-2 3

-24 -22
31 42
-42 5
47 18
29 45
-10 -43

49 485
-105 194
-659 -697
-295 -66
-211 -137
-907 737

2 11
9 0
0 -7
-4 -2
1 -5
12 18

-52 21
-13 6
10 -3
1 0
-2 -3
-2 -5

-18 -11
-3 -32
17 -13
45 36
-26 -11
30 36

-530 -55
-18 2
305 38
-1 5
2 3
2 -4

-68 -51
31 -46
-31 -40
24 -100
-4 -90
22 -67

-14 38
-12 -35
-19 27
20 -42
-39 -17
-7 -24

-24 -1
176 19
15 3
-3 -1
-4 2
3 1

118 967
463 -622
-817 636
-935 252
699 146
-413 -761

83 19
92 -38
53 1
110 -274
236 -964
95 -177

-17 -39
-20 -16
-5 -47
1 -9
25 -46
-11 -1

1 -5
-2 0
2 0
-1 5
-1 0
3 -5

370 -406
-508 -87
150 -33
-837 -114
41 -433
-179 -60

18 26
26 5
-42 49
-17 17
1 37
35 15

-3 2
611 476
-16 -8
-3 -4
1 -5
-5 2

13 -17
-145 172
415 -498
-3 1
-1 4
3 0

15 -8
-10 -12
-11 -2
14 2
3 -15
1 5

-8 11
4 -15
-11 9
-14 -10
-5 -4
-1 10

109 -177
-133 -83
-75 -397
67 -141
-167 472
79 129

-105 505
134 -573
3 18
-1 -4
0 3
4 0

15 10
-404 -321
863 680
-1 5
3 -1
-4 -1

-434 167
-485 171
579 -165
176 -45
564 -159
-664 235

254 779
356 264
186 910
-118 68
495 20
478 -14

-245 782
-21 34
126 -457
-14 4
-16 5
26 -2

6 -16
0 19
4 -5
7 -20
2 6
6 -14

174 200
818 951
504 503
-508 -22
-24 -157
-210 -214

644 -351
239 502
689 -374
-259 944
442 25
-238 875

-9 12
-8 30
-17 18
-284 323
0 -12
-398 458

-466 50
-468 192
-132 -144
-217 -185
422 -278
-393 -233

390 21
-69 -297
348 -351
-43 -379
-181 -196
437 125

-399 -198
688 -568
804 -628
-839 32
-463 358
-909 -88

-9 -55
7 80
5 86
-13 -43
-17 -92
1 37

432 222
899 -86
120 -402
532 194
-74 692
686 -572

-17 14
807 -492
-359 224
-1 -5
3 -3
5 1

-11 -2
-5 7
1 -3
0 5
9 -10
2 -11

-115 108
-60 55
47 -42
-14 -7
9 -12
21 0

-3 -5
4 3
5 4
-12 0
-873 -200
242 59

4 -1
2 -3
0 1
3 0
5 -3
-1 0

86 -87
-76 -12
-87 -62
-58 -12
-33 -87
65 -24

-100 86
38 31
50 36
375 925
185 611
-155 42

241 -19
21 12
3 15
24 3
2 -5
-19 -8

33 13
-27 22
-18 4
48 20
-15 35
36 7

8 6
-24 32
35 -18
-20 26
19 -5
-38 42

-500 -256
-18 -10
270 137
-1 -1
1 -3
2 -1

351 -476
-251 630
-263 658
317 -418
293 -354
141 -98

-6 4
-3 8
-1 -2
4 -8
-9 0
-4 -6

20 -37
27 8
40 -45
-25 -19
17 12
-45 -11

-51 63
-13 35
59 -51
-30 64
-26 94
-68 92

24 -26
-26 -16
-21 1
-13 -13
-247 109
275 -167

8 -2
11 -13
1 1
-14 -12
-3 -7
12 6

345 332
319 273
345 772
345 760
345 320
371 391

-16 -55
-9 -6
63 55
-15 -48
-79 -53
56 6

12 -25
41 8
36 8
-13 -25
24 8
29 8

84 6
90 -65
-6 -51
-512 -988
60 -135
148 8

33 35
-17 -35
-28 -46
22 -20
-21 -34
-36 -44

39 -61
87 -97
99 3
192 -183
-108 561
95 75

-272 149
403 307
315 231
-8 377
418 -105
249 174

3 88
-39 62
45 -19
-48 13
-5 55
-95 97

133 481
-305 41
-350 149
553 -61
-390 12
-560 -46

-64 -89
5 8
44 60
-4 -18
52 91
-13 -39

67 41
-42 -72
-80 -53
-117 200
-712 1000
-382 567

-16 -4
19 30
10 29
46 33
-25 -5
-34 -6

-15 18
3 11
-6 7
12 -7
-15 17
-6 14

-12 -8
-4 -1
-13 -1
11 -4
8 -16
10 13

-32 19
-91 40
-5 -43
-64 -22
91 80
-96 -63

15 -24
-55 85
-54 98
24 93
-63 -19
23 80

-387 -2
920 -841
-292 -67
-329 -143
-323 -31
-374 -108

-497 -198
-53 -18
83 37
-6 -3
24 17
12 7

10 -82
644 8
-985 -237
89 53
97 5
-90 37

753 -556
277 562
753 -114
-590 650
-195 254
452 138

14 62
42 -2
-58 18
801 411
-20 -36
140 44

1 5
3 4
-5 -1
15 -11
20 -14
56 -32

-22 29
5 14
-13 -14
804 -816
-46 -4
777 -789

-25 -9
43 -43
25 -76
11 -62
-37 54
-31 -20

29 64
311 352
295 274
674 307
-482 -93
-794 -216

354 -476
-292 211
-471 214
-526 269
-705 283
205 888

11 0
2 -10
0 6
-1 14
-3 -11
-9 -4

937 302
-533 -120
-473 -614
647 -372
-838 582
-863 92

-62 79
20 -79
30 -87
-132 135
-700 882
104 -177

-24 14
-43 36
-24 12
-5 11
-43 -30
-43 -29

374 -155
-416 95
655 88
815 393
-544 -149
943 637

-7 -4
-16 -13
-2 -6
-7 6
9 -9
8 -12

-4 -6
15 -7
-2 -2
-13 2
13 -11
-9 -3

19 12
20 4
8 -8
-1 -8
7 -9
3 5

0 5
-5 0
-4 5
-2 -5
-4 -5
-2 5

-8 38
6 -30
50 16
38 31
-13 19
35 -41

2 -38
-484 -197
616 164
4 -29
-22 -29
17 -8

108 867
-861 -64
471 636
-498 -327
-194 -631
210 813

63 -4
47 -62
-30 -4
59 -60
88 -31
-35 32

4 3
5 4
-4 -2
6 -2
195 4
-152 -7

420 -828
998 -336
98 -966
916 -789
852 345
774 498

-65 -16
-2 74
-40 81
98 93
-58 18
85 62

90 144
-498 354
-343 271
-255 258
158 132
-384 258

-2 7
-15 -5
4 6
3 -8
-14 9
-3 -7

-74 -29
6 -20
-39 -7
-59 63
-84 6
-24 85

212 618
-182 -517
-6 -10
-2 2
5 -1
2 0

-4 1
1 -1
3 4
-237 -126
-104 -55
-7 -3

581 -498
885 -208
-131 995
-683 56
-331 -296
276 973

-187 48
-187 430
-201 342
-180 -239
-103 424
-166 -49

-27 -19
5 -15
-27 5
-31 -59
-7 13
122 368

6 -3
14 15
4 11
15 8
-5 0
-6 7

-185 638
504 -149
138 -95
181 584
-106 -59
-472 -5

13 13
15 -25
-12 -17
0 -59
339 522
49 22

-46 45
312 11
-443 -356
50 109
-271 304
-120 -277

-59 161
111 96
-82 178
-70 9
-67 -42
-48 100

414 -362
980 -808
-119 55
13 -29
44 -75
-67 35

-227 -57
-1 309
473 489
33 183
-579 -339
203 111

-187 482
339 -448
-49 -92
-76 492
228 -458
-132 96

58 -572
226 -278
346 783
-883 -970
-310 -106
-884 -722

-20 32
15 -28
-10 10
35 41
40 46
-14 -42

0 -5
-5 -5
1 5
-3 -18
-104 26
28 -32

-828 -35
-575 -40
966 75
-69 -90
-69 110
115 13

32 -41
38 25
36 28
-8 21
-39 43
19 -3

4 -4
-1 2
-4 -4
-16 -20
-256 -452
-17 -22

64 70
58 54
-33 -11
-324 -683
-35 -129
-248 -541

368 645
-590 319
386 -96
865 67
883 -674
-105 235

-919 -233
-519 -633
-762 749
297 -310
832 -445
-307 694

36 -61
-37 46
-18 -5
-42 -74
-7 -79
44 -38

302 -400
50 -52
577 -780
-1 28
-4 24
11 24

100 24
94 27
92 -30
-44 9
-2 17
-95 -9

753 -488
263 -107
-517 203
-87 684
953 -940
883 -691

-269 -89
97 17
-44 -24
2 -21
-6 -20
-2 -13

-3 -9
-3 -12
8 15
8 4
-3 -8
8 7

-24 -36
-78 26
99 29
87 -70
65 82
12 -58

-10 -25
42 84
-34 -87
51 -25
23 27
81 -59

-87 82
68 20
-39 78
20 24
-3 75
-51 79

-339 -808
30 182
120 397
-7 -39
72 -28
3 86

45 -123
-27 -39
-112 61
-100 47
23 -96
-97 44

14 17
-48 2
15 7
-10 3
77 22
39 21

-1 -8
6 3
-13 -9
-11 -13
-6 2
3 4

82 69
50 23
34 -57
-712 -181
-4 -13
757 165

479 -223
137 -582
731 507
-552 -340
-568 20
-115 -223

-59 107
254 -296
186 -226
-46 -59
36 23
40 -40

-42 -44
1 -2
21 20
16 41
44 -13
41 -11

43 -25
32 29
12 -37
3 -28
1 17
-37 -31

121 -156
-388 -468
265 -84
-419 -334
-23 -274
-326 -299

-14 166
-32 322
4 39
2 8
22 -1
24 -28

-309 449
106 9
-170 -24
-316 187
24 -488
-217 -407

15 -19
-9 -8
-13 -7
-15 -14
1 -18
-6 -15

-526 -99
-122 40
570 311
-298 144
134 -24
334 -71

-8 4
-48 -33
-11 4
-33 -21
-16 0
-14 9

-1 2
4 0
-4 2
-1 5
5 0
5 -1

86 4
98 24
-52 -22
-1 63
11 83
71 -21

-20 15
-31 -4
28 31
3 38
-8 19
29 16

-139 139
144 270
110 354
-128 -341
-92 -279
-297 152

-75 81
62 11
-42 84
1 -77
-64 82
-15 4

-29 -1
-949 -106
827 96
21 -26
11 14
27 14

-3 3
-3 -3
-1 -5
3 0
-1 4
5 1

-30 13
28 34
24 9
-26 38
16 -41
20 -16

0 17
2 -15
10 -7
-13 -13
-11 6
3 3

33 -27
6 3
-6 0
24 32
21 19
45 -24

-4 3
2 -5
0 -1
3 -5
1 -1
1 3

-8 15
2 8
2 12
2 1
-8 -5
-8 -1

77 35
-81 74
22 92
-26 17
-3 -90
45 -15

-8 -5
12 -17
-16 -2
2 13
4 13
10 -5

70 -254
222 370
255 450
94 -100
-238 229
50 -31

83 -200
-798 497
-104 759
923 -432
-127 -142
-451 628

-19 -7
19 -10
-1 -12
-20 -19
-18 -12
4 -3

-774 103
-61 -570
-547 -27
459 -162
-27 381
70 149

37 15
-11 -23
-9 -16
19 42
35 8
9 47

144 219
937 383
744 -173
101 -435
337 775
-81 366

-19 -15
2 41
-9 8
25 40
31 41
12 25

-53 53
4 -19
6 -18
492 124
-78 41
105 68

18 32
-214 -344
-144 -88
194 -192
763 8
-859 -504

-363 132
465 -142
456 -292
-342 28
-432 -110
450 -165

-3 -2
-3 -4
1 -1
5 0
5 -2
1 -3

-83 73
-21 -53
2 -54
-29 9
-33 40
67 -26

40 89
-46 -90
-50 -85
-48 8
13 75
-40 -2

158 -593
540 -992
-113 -236
38 -424
-227 -331
743 -778

775 -40
700 81
-715 -424
436 338
457 94
-355 -428

-757 -779
-13 -5
22 31
24 1
1 -5
29 -11

349 -104
746 -224
97 239
-3 875
172 -238
-65 664

-41 1
-62 -40
91 -22
-68 -33
-30 10
85 -15

0 3
1 5
-3 -5
388 -154
665 -266
17 -4

706 318
-501 -795
198 -216
-215 -865
-380 -916
-259 -399

152 368
491 155
-245 781
-497 694
181 268
604 84

65 -50
-29 -2
-61 95
-44 -75
3 -99
33 47

-2 -1
-2 -9
-3 -7
5 -3
5 -4
-3 3

96 71
12 96
33 96
-14 -29
-9 -30
6 72

-7 19
18 12
30 -27
48 8
21 -13
741 514

17 302
389 410
-73 2
-15 101
217 497
295 191

-5 -1
5 -1
0 1
-5 -4
-1 1
-1 -4

33 -52
858 833
66 33
-758 -298
992 607
-22 106

71 93
-79 -45
21 78
-104 25
71 124
-179 -44

32 -20
-16 61
96 -16
48 -65
-16 24
48 19

-3 5
-4 3
2 -1
-2 -5
-2 3
0 -5

-16 10
19 -11
0 0
2 14
5 -15
3 9

313 -612
640 -98
160 414
692 230
-317 60
481 -216

-434 159
-470 183
-111 205
-360 467
-797 -815
-594 -241

-15 2
11 4
-13 9
0 10
-4 -4
9 -3

-4 -55
-83 -64
-47 13
32 22
-11 90
68 99

-249 -963
-726 -547
-600 -620
-200 461
-210 476
-675 -586

3 -4
2 -3
3 -1
5 -3
4 -4
1 -4

12 -4
12 7
-15 17
-73 34
604 -363
-26 6

129 -119
103 -35
-125 172
33 -56
63 34
-80 64

22 -3
25 -13
9 -20
-29 256
-5 17
6 -85

-4 -2
-5 -1
2 -4
3 -5
2 -5
5 -1

5 -5
2 5
3 4
-1 1
-3 -4
-2 -5

608 444
408 298
12 9
-2 4
-3 -2
0 0

-11 -17
8 15
4 4
8 6
17 -3
-7 12

-2 1
-5 -5
2 -3
135 750
9 12
-3 -58

-4 -2
10 -2
2 3
13 -5
-15 2
-9 3

96 -59
8 95
85 -16
-3 24
19 -43
-3 -71

-268 36
251 436
-5 274
237 284
-382 107
116 279

29 -107
185 79
995 996
73 43
-37 52
71 -26

91 95
83 46
78 41
-27 -23
-28 17
-35 92

-615 52
142 61
168 -10
-118 771
-641 123
-667 194

-94 -46
70 12
-92 53
-38 60
238 154
386 146

-5 -4
3 -4
-5 0
-5 3
3 -5
3 -1

-15 -2
-4 17
-9 13
-11 -9
8 -4
13 0

459 -317
-38 -515
-792 -707
-709 -477
-479 -585
697 -903

34 -13
19 50
-25 36
-20 15
-10 -27
46 36

-10 12
-4 7
-6 6
-6 -13
-8 13
-8 5

-3 7
-12 -4
-12 18
-3 -1
18 0
-15 -11

45 -46
2 -26
20 66
1 15
-21 87
42 77

-713 -661
166 152
-58 -56
15 27
30 12
-6 0

-115 -290
-747 -898
-828 -934
610 -750
-51 -60
-277 216

31 666
-524 675
-289 290
496 867
286 -663
281 308

-110 -150
145 90
791 661
57 -78
9 -1
96 56

620 -396
-19 12
-885 565
0 -3
1 5
-5 -4

96 69
-55 20
33 92
49 38
-63 6
-47 -48

-28 3
-17 -10
33 -44
-49 -14
47 -48
5 -36

411 -592
-234 945
-215 869
313 -446
-124 371
170 -224

-38 -21
-22 11
-50 -21
19 -17
34 11
37 -9

-11 3
-55 13
-22 -80
-68 -35
46 41
-5 -26

393 -540
-709 806
-446 858
919 -436
656 -488
-972 754

499 230
568 262
12 4
-4 -2
1 2
-4 -4

362 -5
879 12
50 -15
15 -13
10 0
28 -20

81 28
82 53
-89 -7
-86 68
80 3
-87 43

-835 -346
-6 110
608 566
-236 -460
-160 -156
257 222

9 -53
31 43
-81 -66
99 -40
-59 30
88 -88

-5 -2
-2 -1
-5 -4
0 -2
4 -1
2 0

613 935
287 773
202 -145
430 305
943 851
205 -491

30 37
-85 -3
-43 39
-9 -131
169 -265
-206 35

291 326
398 -319
182 287
217 -156
-253 473
325 -459

475 -202
287 -120
-18 13
0 3
-4 1
1 5

75 80
12 55
-9 81
75 -23
-93 82
-72 56

10 9
-114 -139
-26 -34
0 2
3 1
2 0

-797 -772
-689 580
-627 633
-459 325
-599 -915
-402 272

441 482
-237 -342
266 -34
-360 -264
769 274
-524 -160

-28 -47
-20 -30
-12 13
-44 23
-28 31
-16 50

17 -14
4 -26
24 13
17 1
-336 -744
336 675

138 111
-13 -20
91 72
-12 -15
-27 -26
-20 -3

98 91
-905 273
-813 257
-56 27
-72 3
-13 48

-29 -42
11 -31
29 -48
15 14
-25 3
-43 20

61 90
-14 -7
7 -100
432 -89
21 70
-974 433

-64 -32
34 -72
-65 -93
-62 90
-95 83
100 -58

228 473
-132 833
177 121
-15 313
-464 -44
-284 -224

8 -2
4 0
17 6
2 -9
-20 -3
-10 -8

-734 60
-519 98
740 258
-460 47
-447 -213
-496 -267

-689 -277
101 -42
719 153
184 -53
-258 -137
300 -11

-87 307
-129 69
-110 146
54 71
-86 75
-44 83

-357 474
-367 191
-81 -121
-91 -404
-59 -145
291 61

-82 345
113 -442
-1 18
2 1
-4 4
4 3

727 847
-763 -210
-712 180
100 -502
-729 50
-391 -811

295 -799
904 275
307 -578
842 -448
299 -877
789 -714

2 2
3 4
4 4
0 -2
2 0
1 -2

-76 -56
-16 31
-62 -23
-99 -83
21 91
-2 64

26 60
48 -87
-44 85
-22 -62
54 50
-16 75

-24 41
10 -7
-35 39
5 -35
-45 -17
-17 -39

47 28
30 77
59 39
18 -89
49 4
6 -100

-26 3
29 -5
139 -27
-21 -4
-12 15
12 29

5 -4
-4 -5
0 4
66 411
32 234
-13 2

533 -370
528 665
201 818
495 -888
159 296
-240 697

-36 46
-25 30
8 -8
30 -30
19 -16
-14 16

11 -16
-13 -2
-11 -15
-18 -5
-15 11
2 7

-310 -272
-178 -47
136 270
-55 490
86 403
186 137

-291 -335
219 437
-124 -81
-20 15
-66 14
-2 2

0 1
-4 -5
0 -3
125 69
579 333
15 5

-39 -44
34 -44
59 -26
-53 -60
-68 -98
10 12

-3 2
-75 -64
-2 3
-2 5
5 1
3 3

-4 5
0 -3
-2 -2
-10 -334
-4 -19
-4 -17

-966 -588
-796 886
-626 827
37 137
46 -229
-693 867

47 -12
-14 -27
46 -91
-13 52
-60 -58
-43 84

-476 201
-110 -456
-490 34
232 -311
176 -100
384 372

-97 -36
19 88
55 25
-75 89
-3 -37
-69 -85

601 46
-587 766
-889 652
-324 -143
372 379
120 -317

41 14
-45 22
-36 13
-42 22
-1 47
-34 44

24 -50
-6 -47
-26 14
-46 -43
4 11
-16 -46

439 -468
772 -249
1000 411
933 -49
-142 85
580 153

1 -4
-3 0
3 0
411 733
61 102
15 19

-14 1
4 -11
3 -13
14 -7
-3 -9
-13 -13

-656 192
-716 516
-796 55
6 763
-276 857
-204 643

-17 -21
87 29
-66 -10
-68 -34
-70 -58
89 53

-965 -135
-870 -8
-665 -487
-440 -64
-321 296
-195 76

-17 -22
-51 -169
34 -339
-427 770
-346 591
81 -127

19 41
-44 11
0 1
-33 41
32 41
21 11

-348 -29
-30 37
485 -226
769 883
158 77
122 -163

64 41
100 60
61 88
37 -13
0 72
11 94

234 215
-232 8
-433 -102
-18 -17
-367 -454
56 48

-248 910
146 -507
-174 -648
749 554
109 272
-888 628

16 8
-9 -6
-4 -3
-14 -15
2 -2
-7 -9

-1 4
37 31
21 -5
-7 49
19 -42
23 -20

0 0
-18 13
8 -11
-10 2
-13 12
-20 4

10 15
0 6
4 6
9 15
-5 -3
11 15

-297 56
-337 254
123 371
-920 548
-275 773
-778 746

-13 16
882 -894
-850 867
-4 -5
3 -2
4 2

-1 0
4 4
5 -3
-84 16
0 -11
-431 128

-244 -632
460 25
588 412
-180 379
692 488
900 730

58 31
73 251
58 95
88 -46
70 -47
82 7

-5 5
3 3
1 2
20 -3
756 -215
-171 52

841 905
644 -705
757 -975
562 -301
284 -365
954 635

64 6
28 -84
-23 -68
69 39
55 127
27 -66

51 -28
83 41
51 7
-45 -823
19 -118
51 217

-43 80
-64 -67
41 -97
34 -191
475 -533
-106 -46

-4 -3
-5 -4
2 2
1 1
0 1
-1 0

-911 -11
-467 221
-845 277
334 14
-182 -114
262 -222

-423 436
476 -188
-158 238
-131 236
-370 -326
-401 -346

470 -585
-434 -39
-172 -97
-87 403
568 258
458 144

-114 187
-267 -102
170 329
964 -661
-125 484
836 -471

12 82
-53 90
-34 52
187 -40
-287 138
395 -123

-6 7
5 -4
-4 0
3 3
10 6
1 10

-347 -232
-152 -85
404 -50
893 154
-912 -475
-879 -505

1 0
3 2
-1 1
3 -4
3 -3
-3 5

-8 10
-13 -7
-4 -8
3 0
1 9
-15 2

-921 378
-903 294
-523 710
-346 953
-363 -942
-333 84

-2 4
3 -3
-3 0
-52 -40
7 1
94 61

364 -630
-851 -12
526 -308
-932 -173
769 175
364 381

-173 -209
175 -421
-653 305
223 -362
199 -54
-83 352

-39 -24
-39 -7
-43 23
-39 20
-41 12
-41 46

-608 -371
-388 -261
-812 -485
-248 -331
-580 -193
-34 -412

-584 -420
-414 126
-619 -733
-464 -210
-92 224
-42 374

122 167
3 13
302 400
-3 5
2 3
-4 4

30 71
35 41
55 60
264 186
37 106
-82 61

68 -42
17 -14
-129 66
-4 -2
-3 -4
1 -4

1 -52
187 -386
-387 645
-26 -1
-28 -1
0 24

53 21
-464 494
170 -86
-99 23
38 -4
93 -15

-333 -101
-278 -156
-284 208
180 -430
-45 -261
-35 -181

-93 20
76 -67
-34 -10
87 -58
-66 2
12 -29

3 -391
0 35
0 21
-30 5
1 -30
-25 -2

-4 1
-5 1
-2 -5
-4 -2
-2 1
-2 4

-38 30
-22 50
-40 -3
-42 -36
-26 -16
-24 17

306 -657
791 -661
172 -922
976 668
842 403
657 -926

3 4
2 9
17 19
-2 8
-9 2
11 7

871 489
-134 -963
-130 -753
495 -528
-785 -815
-779 -974

7 15
6 14
6 0
5 -1
6 9
5 -15

-5 -3
3 4
4 -5
193 -882
-2 19
-51 245

-11 -50
-47 36
-45 19
29 46
9 -22
9 -44

-3 -3
131 17
-16 -5
-1 -5
2 -1
1 -5

4 5
0 5
2 1
44 -32
-4 15
-20 31

657 348
393 847
985 225
304 -679
756 389
652 -147

-22 43
-45 63
-47 56
11 -76
13 -69
2 -7

-101 -42
481 188
-15 -8
4 -4
-1 -2
-2 0

825 264
-60 123
895 294
-225 200
-375 138
-435 2

78 -23
10 15
56 -50
796 -652
150 -131
940 -764

-10 -30
-11 14
-7 0
105 -684
-2 -60
114 -738

-886 187
-691 271
-224 803
-300 747
-351 831
-320 -485

-19 -4
28 -8
-21 -50
37 44
-12 2
35 -2

1 1
-5 3
-4 -2
92 -111
-39 40
12 -19

-19 1
8 -14
7 -9
0 -6
3 2
12 -14

876 105
531 168
284 545
-495 266
13 553
989 879

487 96
897 -748
728 -443
961 -956
318 401
342 323

-2 -1
-4 -2
1 -1
11 3
25 8
-148 -54

445 620
169 236
18 26
6 12
-16 -22
15 27

12 -6
26 -14
0 6
153 790
-81 -542
24 56

-7 3
66 -22
-57 47
-5 71
14 63
-84 1

-543 344
902 -431
-931 -484
999 -224
-160 -768
616 888

-676 -730
661 -314
434 -340
372 -255
622 51
-323 -867

2 5
-3 -14
4 -1
5 -4
-10 7
-8 1

-40 -32
5 -86
-19 66
-50 12
170 628
-49 40

427 590
-259 -876
-234 -666
12 -748
377 62
102 -254

98 253
335 -335
470 -251
-499 617
884 -545
53 225

-1 -5
5 4
0 2
-123 140
-4 17
153 -145

-324 43
-70 -289
312 -485
158 287
-994 -497
-211 -31

-6 -1
20 -21
-2 -18
-456 145
-314 97
16 -12

22 -3
16 25
-20 18
-3 15
16 -31
-158 335

0 -23
-19 3
9 -30
-409 -492
-9 -39
-426 -511

-16 -20
-37 31
-53 53
-43 -5
-74 -73
-71 -55

5 3
-11 10
1 -11
7 10
-15 -4
3 -4

13 0
6 -14
3 -14
-6 -7
-12 0
0 -7

-46 398
258 -387
171 -62
-175 -172
-296 -281
439 129

-77 -65
-38 53
-39 95
-59 57
-37 11
-57 -27

19 10
-16 32
-14 -46
-40 20
-49 -24
10 -34

2 7
-21 17
-23 -24
10 -1
-644 824
-581 746

0 -5
-3 -1
4 -3
-39 -265
-5 -65
9 18

4 10
-3 27
-25 -25
-15 21
-41 49
-7 -16

-799 696
732 -218
-715 834
455 470
-242 468
900 58

-9 -29
20 -19
-19 -16
24 28
-11 -30
55 93

67 74
84 34
69 55
-827 662
184 -28
136 5

-49 63
-13 1
-28 72
-16 -39
-34 -8
-10 41

270 114
-26 -372
-44 -291
-230 -478
-428 -367
550 -750

10 -10
6 -14
3 -8
-1 -12
5 -12
14 -6

-61 20
-15 -96
-51 -40
2 -143
525 984
-314 -827

867 -351
910 -163
-661 291
758 -350
42 -856
827 -741

0 -3
2 3
-1 2
-2 -1
1 0
0 5

-17 -37
-50 -38
-38 -15
-4 5
29 28
-25 13

-41 67
33 -25
39 7
-35 99
44 -88
-24 36

-459 -748
195 -362
796 -31
346 -238
178 -390
87 -380

-33 10
-14 7
-69 80
-52 13
-26 -1
-91 -13

385 -134
544 393
658 235
-401 -218
-55 -142
-409 -466

-20 8
62 -26
-172 71
-1 0
-1 -2
-2 1

-1 -9
14 5
1 13
-15 -12
-14 -1
13 -6

-80 121
-480 55
-108 28
-296 -386
-422 -68
-293 -113

-10 -1
0 12
-7 -3
6 8
-13 1
3 10

3 11
-130 786
-14 110
0 1
4 2
4 0

988 681
316 139
-538 -145
-814 -437
-469 -72
643 316

2 17
65 -9
5 7
126 5
115 -34
141 8

-442 -288
-192 140
-272 131
58 659
-696 -782
-106 388

-403 -316
9 12
-422 -331
-5 1
2 -3
1 5

24 -17
8 7
29 -25
490 -181
-959 385
-22 19

-588 -782
-302 -815
549 -288
548 -379
378 184
13 341

15 -15
0 -20
-1 -9
-10 5
20 15
1 3

-11 -28
11 -24
-16 1
-33 -32
6 5
28 9

-317 197
14 -5
971 -589
0 3
-5 3
1 5

313 188
565 -120
451 -938
512 -853
199 -630
-61 326

-31 -6
49 -36
20 -20
3 -29
-3 -37
-46 -26

53 71
59 21
-9 -59
82 -9
-32 -29
2 11

3 6
-26 -20
-24 -26
-17 -47
-19 -41
14 -27

13 -7
-5 9
13 -3
4 4
-5 7
-11 1

589 -998
-793 456
-653 253
559 244
-538 -231
-175 -144

-75 14
-33 46
-23 -46
19 -14
61 18
-96 -2

-16 24
-6 35
1 -42
11 -31
21 -20
-26 13

1 -4
5 3
3 -1
945 51
20 -3
808 43

54 45
-147 -256
3 -32
15 -18
6 -30
-3 -28

-8 70
25 -55
144 -516
24 1
2 27
11 1

270 -356
-438 373
250 245
-570 -937
-730 294
-362 31

-393 164
-311 -178
-263 -274
-509 -49
-995 300
727 -919

-5 3
5 0
0 5
-5 -4
0 -4
-3 3

-33 -51
751 987
288 374
7 2
9 4
17 13

30 -2
25 56
-66 56
28 -2
69 56
-63 -2

-457 793
290 -570
179 -803
718 -557
190 -383
-122 336

455 -692
464 -827
-768 653
540 -277
-225 -112
234 -411

412 -646
-452 848
89 -105
90 -59
63 91
-12 -53

-303 -166
-340 -183
480 229
422 405
-346 -221
-326 -203

688 172
261 -557
896 -142
-340 625
-917 -427
-686 -501

-424 110
13 -289
-397 456
771 -477
-360 464
-73 82
