-142 -301
197 -428
-79 -260
396 730
464 996
0 -497

98 -213
203 -93
445 -749
-54 -37
-125 355
190 -5

13 14
15 -9
15 -5
15 7
13 10
15 11

-100 -85
-90 -5
-52 35
-140 25
798 -888
-58 -52

666 -240
-297 -674
553 120
-835 -711
-410 -314
241 -637

-9 -2
10 1
9 -1
2 -15
-11 1
-8 0

-193 191
114 -49
-172 146
33 41
34 -67
-48 14

272 537
-267 6
-345 -134
31 -332
-47 -472
233 467

-6 -883
-62 -774
-278 -792
-542 581
-44 -873
-608 823

14 29
32 12
-7 38
-22 24
-23 30
22 -45

-93 -8
78 -28
38 -32
69 -66
-92 -45
63 -56

406 216
327 -8
106 -429
687 793
354 430
618 669

415 -356
236 54
-113 469
858 -502
-853 -870
-494 -833

6 25
18 -4
-3 4
-144 -652
-21 16
-9 77

-19 28
21 -4
16 29
511 17
11 -6
91 0

-4 -4
1 5
4 5
-2 5
2 -4
-1 -4

4 0
2 -3
0 -5
-2 -4
4 -3
0 -4

-971 -975
-967 -724
-331 545
117 55
277 -335
-459 493

10 -12
8 -18
-7 -1
9 16
7 10
19 -16

1 -15
254 -237
-10 -5
-16 -8
-28 -6
12 -20

-774 -301
-78 275
-322 -801
-525 -969
-675 655
-327 943

-304 67
183 -721
260 -787
-36 -67
-124 98
-162 -155

-881 -585
876 -33
316 -309
-559 265
715 -35
715 -173

2 43
-66 25
-50 -11
-140 -46
-186 -123
-436 -482

-3 -1
0 10
-17 -10
5 -14
-6 -12
19 -5

100 -113
848 578
603 316
152 -493
835 673
384 -136

-39 2
67 28
-46 2
-4 2
-4 -12
9 -10

353 294
546 787
-116 -660
172 -998
282 -473
463 819

62 -89
36 -49
27 -64
77 -64
-14 -49
-55 -34

28 90
-10 -2
9 43
9 -11
26 -26
-10 8

-224 198
23 -323
-85 -80
-194 -540
-115 -176
57 569

-85 58
-22 93
-41 72
-5 92
85 48
68 49

-132 -940
38 146
16 5
29 16
23 28
20 21

5 -1
0 -1
-1 1
3 1
3 -4
5 5

417 -343
406 -344
-362 358
-122 174
142 -368
145 -342

-148 111
-337 208
825 -405
-63 65
41 14
12 -2

-463 -19
-220 -411
-23 -47
178 -425
680 -313
-611 -271

50 55
40 -3
94 89
-16 4
-4 -37
64 -85

-36 -95
-14 49
-37 -72
-10 -43
-45 -88
-29 -86

62 92
46 64
12 -76
35 -76
-29 88
21 -20

-8 -143
-76 61
-238 524
-70 16
-20 4
83 -52

12 -39
-12 -33
83 46
-59 -4
-89 5
-255 137

47 -18
45 78
38 -79
36 17
67 8
56 43

-617 -635
197 -41
117 -134
-223 218
74 108
-280 334

40 6
-24 50
0 24
-3 -5
-8 -27
36 45

-125 39
-110 570
54 476
-115 393
-274 664
-289 133

88 714
-682 -729
-627 549
-227 -624
569 825
488 -459

984 492
777 -760
-19 -644
188 608
410 -774
922 636

22 -9
-23 -3
-72 93
-34 12
60 51
62 9

23 -23
34 28
37 39
33 19
35 21
31 1

88 92
45 -1
-4 -57
-45 -60
4 -4
-86 -63

474 965
-408 -816
9 26
-13 -1
19 24
-4 5

242 -242
321 -223
11 -277
-154 -273
-72 -243
-160 -295

-2 -79
87 39
-9 -82
-23 -88
94 42
-16 -85

26 28
25 29
22 17
33 -14
-18 252
39 -45

-5 188
-14 77
61 -183
-83 95
70 86
-95 26

24 -69
-22 -76
-38 -87
-41 -126
45 204
-20 -50

-12 -26
-16 -28
8 14
231 -82
930 -370
-21 22

27 16
-30 -26
-6 -26
-668 -264
42 -26
-4 -40

-56 -62
-69 42
-62 7
-40 -138
-211 619
-226 687

141 -651
-64 87
-54 48
-4 -24
10 23
-15 -17

9 36
-707 -282
-5 30
2 30
-19 15
-24 4

-2 1
0 2
-5 -3
-4 -5
-3 -2
1 5

0 7
-4 -4
-4 -5
0 6
-4 -3
0 5

0 -3
3 1
4 5
2 -3
3 5
1 -3

27 -38
14 -16
-2 33
-12 28
24 -11
49 -46

393 -368
168 -219
189 33
855 563
702 183
123 -864

877 -381
746 362
-813 193
758 -457
16 998
-702 815

5 0
4 -2
-4 3
-506 -768
-482 -731
-17 -15

0 -1
5 3
2 2
-4 0
2 -5
-3 -2

-692 -998
-149 -331
-378 -387
207 -885
-200 -664
-446 -831

-404 699
534 888
-162 630
292 957
481 789
80 561

7 -4
-7 -10
13 10
-8 1
2 -13
2 3

6 15
14 -3
3 7
11 -11
13 14
7 -2

3 -2
3 -3
-2 -3
3 4
-2 2
-2 1

-4 5
-3 5
4 3
3 3
3 5
4 5

-37 516
249 -524
-115 373
466 212
520 819
206 -451

42 -42
11 -5
19 -16
-4 10
-29 50
-12 21

220 -393
196 855
-443 -774
502 435
376 -759
-215 280

475 313
173 132
-389 176
-368 379
-347 582
152 -71

815 -403
193 774
446 -257
77 -111
931 482
562 628

36 8
-5 11
26 10
35 16
46 6
-1 44

-74 -96
-488 -342
314 131
1 9
23 -56
-3 -46

940 -747
-2 13
631 -498
19 -2
-19 -17
23 7

913 -985
254 14
862 -786
272 386
120 586
-170 440

456 162
307 -156
79 -437
282 314
274 353
-403 -176

882 -668
427 788
585 960
954 -729
-478 461
-320 545

-230 231
-145 72
205 141
5 -289
100 257
15 416

-4 30
50 -45
66 -17
-40 80
84 -42
30 33

804 933
991 943
-7 -550
243 903
-734 -109
-526 382

-135 -361
149 377
-173 -451
-131 -296
-275 -767
-287 -789

-156 123
444 443
333 -178
-837 -802
-186 107
-237 -482

0 20
2 14
74 262
22 12
-27 21
6 -4

-3 1
-4 5
4 -3
-4 -5
2 -4
2 0

-261 -255
131 -150
138 -141
-100 -56
68 -91
-79 -77

-16 27
-3 -29
18 -15
-158 94
-352 191
30 -7

17 -7
-6 5
-7 6
-7 -16
-6 -17
-6 -6

-2 3
2 3
-2 -5
-2 1
2 4
2 -4

848 505
290 -41
767 188
5 -871
665 449
925 768

7 -7
7 4
8 9
6 -8
8 5
5 -9

-4 -44
11 23
-38 -26
8 -32
-12 26
-48 3

190 270
-292 -218
-125 91
486 10
97 -104
338 140

-3 3
-10 -3
42 46
3 3
-4 -2
-2 -5

21 37
70 89
-77 35
21 54
49 40
-28 -100

-5 -30
-2 -9
10 15
38 1
37 -6
16 27

-22 67
-22 55
30 92
82 23
43 62
4 85

69 13
79 68
-23 20
-142 432
179 -156
167 -150

525 -168
270 -68
400 179
-460 48
-280 -343
-285 90

77 79
63 13
72 94
72 -224
99 -875
63 -27

-50 -114
-388 -182
71 -83
-91 -43
-46 -43
-64 -93

-259 734
192 -612
307 -980
-160 -817
-258 971
-172 -484

4 -3
0 4
-5 -4
-928 -211
621 137
11 0

-549 845
-97 4
170 -494
-20 66
-70 99
-23 57

-60 -40
0 26
35 24
98 69
82 19
19 -26

49 -45
-44 54
-30 44
51 -3
79 -99
54 3

166 273
7 7
-531 -893
3 -2
-2 -1
0 -3

-212 351
-436 -2
-427 -275
24 340
33 67
284 -399

17 10
-3 0
14 8
-2 -2
17 12
-19 -14

12 31
-4 -17
10 0
-46 -19
-7 -30
1 -22

16 66
-1 49
-33 -81
-3 -13
-38 64
14 -98

53 24
100 34
55 52
-157 108
-130 96
950 -336

2 10
0 -5
-2 6
0 -7
-4 4
-4 -9

-2 -4
4 4
3 2
-785 496
11 -12
-36 18

-1 12
-9 16
3 -5
-9 6
8 -18
-4 6

1 -21
-4 5
-24 10
86 586
-10 37
-13 25

-14 4
-16 5
-27 19
-9 3
183 -100
-322 171

-254 733
-99 561
921 -951
118 713
136 617
-504 757

750 -704
396 562
397 999
217 321
-763 962
-139 713

-2 1
-3 1
-2 4
4 4
5 4
-5 1

-4 2
-4 1
-5 1
4 2
5 2
-1 1

12 1
-9 1
1 10
10 0
9 10
-8 -9

-1 -2
4 2
5 4
1 2
-1 -3
1 -1

428 -183
-25 -182
-262 86
-317 205
9 234
500 -94

-30 45
-42 18
-44 9
-50 -42
-44 -18
-42 -1

7 3
18 -13
-11 -33
30 11
5 -1
48 47

597 821
468 552
-27 -481
64 -286
-72 -575
618 892

3 -4
3 0
2 5
29 -53
5 -3
15 -24

356 357
-264 432
-40 256
86 -420
-3 -144
267 56

-242 451
90 -584
-78 -54
-206 327
-196 175
-186 231

-46 -42
5 -22
25 -16
15 28
4 20
28 46

-19 -44
3 -38
15 -28
37 -22
43 -17
-25 -49

-36 32
34 0
13 -24
-50 9
6 11
-50 -33

-144 173
-718 537
-148 173
5 -69
-27 -31
-51 43

-2 -2
1 5
2 3
-376 918
371 -880
0 13

-479 409
606 -192
533 -130
-412 -590
-739 -254
-65 -875

-198 608
123 859
-690 498
-828 655
-291 514
-646 443

-1 -2
-5 -4
-18 -4
10 1
16 -1
15 -5

21 -30
-16 11
29 -14
-15 -2
-6 -4
497 -218

911 184
205 -207
-805 -386
151 714
-45 -916
-99 5

-886 743
216 -538
863 449
799 -636
-950 -342
280 547

173 629
-511 -198
-4 -441
-811 168
-186 -310
206 327

3 18
-9 -20
-3 8
-3 12
-9 -9
-9 9

-4 -5
-74 252
9 -53
-3 3
2 0
4 -5

28 -85
-44 -160
-386 -511
40 -72
19 5
43 -65

-239 -87
409 795
-253 377
424 -280
-704 378
-890 764

-302 -138
339 -941
-527 477
184 669
260 224
780 -11

-34 -18
85 -86
7 -8
-45 32
501 -379
-149 103

-406 -478
-71 -131
261 11
220 430
-193 -416
101 350

0 6
-13 -4
-9 -1
10 14
5 10
-14 -5

-13 -18
-1 15
-17 -5
-13 -8
3 -20
3 -2

5 -1
1 5
-2 4
80 -47
93 -55
-5 7

40 45
-30 -24
-13 -20
4 -16
-37 2
-17 15

-16 36
26 21
-5 42
-46 7
-10 14
29 10

-24 -29
8 -13
3 -14
39 -1
1 -13
16 -7

697 -433
877 -43
614 357
-170 -391
467 165
27 55

-40 50
-48 -31
-49 14
-17 -1
-48 2
37 8

21 -50
39 -44
33 -35
-48 2
-15 -9
-48 8

189 629
942 -385
361 35
-259 -792
227 -346
257 243

-9 -5
-8 -4
-12 -7
-57 51
-680 750
-639 704

445 451
170 323
105 47
315 -101
-150 -256
-445 -209

-459 127
-25 -66
243 236
409 -259
-9 -389
-309 -45

95 -69
64 -63
-50 96
-19 90
-74 55
19 37

-188 -532
-678 -790
694 -143
450 -486
89 -400
12 -484

156 127
-74 -458
139 69
30 36
-44 -21
61 14

1 5
3 -2
3 -4
479 670
607 848
-15 -17

97 -93
-8 -69
45 -93
74 -67
-10 -27
68 -79

40 66
-3 4
100 75
17 7
-80 48
54 -43

85 50
89 62
45 44
27 44
611 557
-37 -13

-92 54
-54 -2
76 -94
7 -67
-4 -1
39 85

-304 -504
-250 -315
103 927
40 942
-171 22
-295 -517

714 953
-394 224
654 773
412 607
-17 -85
187 607

-54 -120
99 30
795 720
-21 -54
97 92
-34 -80

-205 -416
-269 745
-107 573
-529 -72
-58 38
507 -206

10 6
9 8
-13 -11
7 0
14 7
8 10

-6 18
6 9
27 28
-480 566
20 37
-253 325

327 -700
156 -473
147 -443
396 -720
-806 377
-595 187

39 35
-18 45
40 21
12 19
11 33
-45 29

-565 208
184 -93
867 -368
-80 11
-47 -2
-27 2

247 905
-758 -265
914 903
-91 -267
576 -269
-420 907

263 -481
491 334
166 -454
360 -508
394 361
297 388

989 636
-536 13
114 791
-331 587
-886 -446
-166 -514

0 31
55 0
-58 -57
-3 -88
-84 18
-55 62

-113 610
-60 330
4 -8
5 5
3 2
1 -4

0 12
-20 -3
-15 -4
-15 -16
0 4
2 13

55 -31
42 76
14 28
-48 51
-28 -44
-72 -16

518 -50
352 454
-73 -396
-968 344
-741 545
855 393

13 -17
15 -13
-5 3
11 1
-9 -3
-17 1

-9 20
16 -16
5 1
-2 -4
-12 -7
15 4

-96 -89
-69 -53
13 60
-1 56
-29 15
-86 -72

-26 4
-27 10
-11 6
0 18
-994 -818
-485 -390

-744 911
256 376
398 -542
856 55
-802 100
198 -435

-4 13
30 483
-6 -15
-4 1
-4 -2
0 -2

-29 -39
28 -10
-20 -6
-41 19
40 -62
-92 50

48 -95
83 13
43 -39
857 355
188 6
-515 -357

-368 -337
12 -717
29 218
268 292
748 962
492 -149

-4 -1
4 1
-2 4
4 4
-2 -2
-3 3

-5 3
-5 -4
-2 -5
10 5
7 1
-11 -16

253 706
42 163
362 961
19 30
56 97
-79 -2

-8 -41
50 67
78 77
-612 368
240 -60
184 -29

-674 -180
-679 -210
-557 -73
-932 -657
-593 -41
-463 204

15 15
25 25
-13 -20
1 7
29 10
211 32

-942 118
-465 -257
-784 764
-996 -345
-246 -718
558 -628

8 -32
22 -48
-40 24
15 -49
-25 4
7 -38

-57 73
24 64
44 52
-96 -40
909 897
93 137

89 535
145 727
9 86
-50 -91
19 -65
62 93

-13 18
15 -9
-6 30
-6 49
-396 744
543 -928

-444 -124
-75 5
380 -86
-179 -105
952 84
-738 -280

-25 -9
-7 27
5 -15
-4 26
-418 -596
50 110

-129 -295
-13 9
-31 -36
1 28
14 -10
9 24

87 4
9 -3
-35 -7
-2 -4
-3 0
-1 -4

5 -2
4 -3
-2 4
-396 318
105 -82
-4 5

78 402
286 -168
47 169
182 117
576 945
348 298

702 -539
-631 562
71 -26
29 -84
-46 -7
5 86

-50 -41
-36 1
-30 4
21 -7
-14 -21
-4 -23

-411 270
250 -133
189 294
306 131
-790 791
80 32

4 0
-3 0
2 4
0 -3
4 4
0 4

-72 -32
243 228
-17 15
31 45
-8 37
21 30

27 22
9 -44
33 5
21 -3
-24 -42
33 23

700 998
589 553
582 316
845 -719
803 -357
834 -72

22 42
14 40
-21 -46
-4 -16
-29 -48
-28 -22

379 -473
443 -568
336 -304
58 319
15 488
-49 583

-9 42
28 -26
23 -43
19 -9
-8 42
11 42

-23 -34
-14 1
-27 5
-66 17
21 28
95 43

70 -10
86 44
62 -29
-2 -45
126 27
46 -19

-235 121
-364 -150
-289 31
273 909
-835 -815
-714 -624

0 3
2 -2
0 -4
-107 45
-677 262
-15 10

44 -27
50 -37
-24 -5
-21 -10
-15 -20
26 3

-15 207
-1 0
-3 29
-9 5
-8 4
0 -12

-135 284
951 614
702 542
432 450
387 423
-92 224

-17 11
-29 14
92 -88
32 -73
-11 -11
-88 80

70 57
16 -10
-21 -23
53 3
90 16
33 44

-297 468
359 483
273 316
314 495
-177 821
-732 969

4 -2
-3 -3
0 0
3 3
1 4
1 -5

-49 -60
15 58
80 59
-82 -2
48 0
16 -59

-6 -9
12 -6
-3 -13
-12 -1
0 10
3 6

50 -537
549 -672
-683 -138
-215 -666
11 -493
455 290

17 -45
14 -92
-95 20
23 49
20 2
-98 -27

25 71
-88 -35
69 85
-47 -92
-85 36
-44 -21

5 -5
1 -3
-4 4
2 2
2 -4
-1 3

58 28
-37 65
58 58
-37 35
96 -82
58 -70

-23 21
-29 -45
41 9
-13 -48
27 34
-41 2

-9 -9
10 19
12 12
1 -9
19 18
8 -9

-801 56
-605 -8
-677 70
-609 -2
217 -131
115 -128

-276 100
115 257
-73 303
-53 401
-53 314
493 -966

89 37
17 19
4 -13
975 296
-311 -78
4 12

14 13
11 8
6 8
3 8
-2 13
-7 13

17 -6
-7 -22
23 20
-732 295
54 -11
-196 87

-206 204
-37 141
124 54
86 35
121 103
-154 -301

-62 86
-11 -16
-3 46
94 -31
42 8
20 -52

-42 -270
253 -413
-15 -109
-263 250
-316 191
-7 -434

1 -2
-5 3
-1 0
-3 1
3 -1
1 0

-2 -10
7 -6
8 -9
6 -3
-1 -13
14 4

7 -5
-5 -10
11 -18
-5 10
59 -114
-17 36

43 24
49 38
-46 -8
34 3
-28 34
44 -19

-208 -124
66 367
-264 187
-139 -240
598 -293
-291 -382

27 -30
8 7
17 9
-43 -36
-507 -289
-412 -238

99 62
141 34
-495 -42
48 -107
-155 -314
-183 -446

-6 -15
-18 1
-14 -15
-8 -15
0 -15
3 1

-128 635
521 433
-935 320
363 -84
-666 425
-777 837

190 -532
711 -77
886 425
700 227
808 994
421 -70

-11 -35
19 -84
-68 -13
-18 -42
-73 61
23 -80

-456 -58
-101 -123
268 94
-346 -7
133 261
-62 -59

-39 -34
0 29
-39 31
0 -36
39 27
39 -38

-44 -96
-20 38
-30 -98
-79 -17
35 83
-23 49

5 3
1 -3
-2 -4
2 2
-5 2
3 0

-214 508
-366 896
-31 33
19 -22
-17 13
-9 -28

553 -531
-628 714
-686 255
495 -990
966 -793
-744 -204

-24 1
10 19
1 19
-23 19
-6 -1
-20 25

-5 -1
2 -4
-4 2
5 5
-3 3
1 1

19 -17
-10 -1
-2 -1
-8 -1
-17 -17
-9 -17

71 -51
404 92
704 228
69 40
-21 -37
45 46

450 39
-459 192
232 -509
-770 -48
139 -201
527 -851

6 -7
-7 14
-4 10
9 -11
-1 6
2 2

3 1
5 1
-3 -4
1 1
1 -4
-1 -4

954 -356
-543 -334
-537 -475
-598 -333
276 -208
721 97

7 -134
85 137
-127 -135
-211 270
-373 404
88 -201

69 -54
-73 41
-31 29
94 -43
-12 -49
-75 -31

-46 19
-46 -2
7 43
-46 -14
7 6
7 27

-1 -32
35 -92
56 33
8 197
-188 849
-33 304

3 -1
-5 -5
-4 -5
-5 1
-4 -1
-5 -3

-81 -44
-54 25
-22 50
-578 -681
-177 -140
-146 -102

-168 -482
-42 140
-229 -337
-44 -316
-475 -213
-105 -171

81 95
-98 1
25 85
56 912
44 123
50 228

146 112
-348 656
-864 625
-886 50
-392 -494
-617 353

15 -13
-54 30
53 -37
5 -1
-1 0
-3 4

23 -8
-8 -17
-17 -26
-40 -45
309 248
293 234

-80 -22
28 -22
14 20
90 8
-15 -55
-72 -46

-1 2
1 5
2 -5
-6 -11
347 686
-278 -548

395 -536
-624 978
8 39
16 28
-5 14
-21 3

-389 -104
-7 101
-227 -140
497 -11
151 -224
-11 -188

-5 3
1 -1
4 -2
151 -173
-17 20
37 -42

204 367
131 123
145 -45
499 -373
-726 607
248 -185

-26 -15
-18 17
-15 -2
-42 -27
-610 -903
418 682

-139 -158
-3 -3
362 413
2 1
3 4
3 3

57 -41
113 -55
168 -73
-25 -12
9 5
-25 -19

-212 37
-300 -7
-495 -232
958 847
-589 -288
-742 -393

19 22
-416 588
80 -58
13 82
6 66
-25 -44

9 3
-26 11
44 -2
-33 10
-26 14
9 19

-974 255
65 -16
537 -136
17 39
-99 12
9 65

-248 68
-65 -885
-201 -458
-185 -191
-69 -392
-326 497

20 11
-31 -51
1 -17
17 -25
7 24
17 0

424 -323
533 53
438 -104
234 -637
295 -434
228 -962

-48 -28
4 27
-2 -24
-46 -11
-27 -43
23 -5

-16 18
12 -29
-42 -12
-3 33
-29 3
38 1

-28 -15
-42 -32
-50 -44
-2 20
6 40
2 26

1 -4
5 0
-3 -4
-2 -4
4 0
0 0

-25 -180
-358 843
-108 78
-36 -78
-41 92
-42 -75

2 -1
-1 1
-4 -1
2 5
-3 -3
1 1

354 -65
204 123
56 160
431 -310
409 -240
16 -2

-141 -211
13 32
512 821
12 -10
-1 12
6 -19

-12 0
92 87
81 49
-35 -25
166 -93
119 -92

1 1
-3 4
4 5
7 -13
87 -164
262 -494

898 123
800 78
-795 -590
-278 -417
-599 -500
-501 -455

393 -230
-131 -339
919 -82
-582 403
-343 357
506 109

153 734
-886 -689
-645 -728
236 -75
876 617
-86 176

46 -27
517 -211
-601 228
19 0
-16 -14
-9 19

-33 -90
-81 48
-39 -89
-77 69
-99 -79
-75 47

14 -3
14 10
9 4
14 -9
-4 4
9 -9

98 -28
-94 39
-10 -87
-781 975
-115 -79
-616 686

-932 -560
129 -30
-329 -474
-16 328
-474 -116
-787 -918

-146 -55
829 357
-779 -463
-116 280
436 54
478 285

-48 -16
37 -39
-14 -16
48 -16
11 -39
-23 -39

3 2
-4 -1
-2 0
1 1
2 1
-3 0

209 -237
-79 -77
-358 4
908 834
-468 92
-532 42

3 1
-8 -87
65 -38
706 -496
635 -442
-88 25

3 13
-14 8
-12 5
13 -2
0 -13
2 -16

961 34
-257 819
-174 764
-206 825
-70 972
-781 190

-26 -24
0 35
42 -7
-38 -12
32 37
-48 32

775 934
-345 -666
850 866
-420 -598
-700 -998
1000 730

-22 51
50 38
-3 81
-15 -115
-474 798
-268 383

-4 2
-3 -4
-1 2
14 2
-53 -40
4 -4

-582 813
11 -12
-490 685
0 5
2 2
0 3

143 -486
-26 670
9 -95
20 -159
-385 416
97 -49

75 89
-402 85
23 108
179 51
127 70
-142 -10

506 -749
-710 -665
64 883
706 875
594 -685
-535 977

414 -974
-672 -230
-197 -881
-627 -912
143 514
-808 -788

616 305
-548 -115
-638 -325
-325 -220
536 641
-343 2

-10 -19
2 -3
10 -4
-45 -49
15 -39
-13 -46

4 -3
-1 2
-4 3
-18 6
-178 36
3 2

45 -50
30 29
21 -36
6 43
-15 -15
9 -29

-68 -55
14 -65
-100 -51
-375 -22
140 -79
176 -83

56 -69
0 -13
-14 -31
10 -47
-66 -67
80 -5

-715 -592
-367 38
-37 998
-617 -52
-465 -502
-867 -142

4 1
1 0
-3 1
28 -52
5 -12
92 -163

-15 11
-10 -8
-13 5
-10 -10
-10 -6
-12 7

-21 -23
-19 -27
41 7
16 13
-30 -38
28 33

44 50
20 21
-19 -7
-4 -42
11 25
-1 2

17 49
51 136
303 787
-4 -14
-27 13
1 -29

-2 3
1 5
1 -1
-2 -1
4 1
-5 1

49 94
55 96
-64 -61
-85 -68
-26 69
-91 -70

41 26
-98 -72
11 5
-2 -2
5 5
0 3

-285 934
840 -159
-340 844
-472 628
642 -483
587 -573

17 15
9 9
16 18
-19 -12
9 -6
-14 -12

443 -160
-40 28
526 -192
22 -30
-27 27
-21 17

6 20
-8 -4
21 45
4 -2
5 -1
-3 1

12 989
-113 -731
-718 -925
-958 -162
-593 795
252 226

549 630
409 518
-736 -241
66 214
-313 29
-145 169

144 334
157 -195
227 363
-46 401
50 -99
-105 247

-303 465
45 -90
-99 189
-417 489
-164 207
-453 597

-759 -571
988 -261
-975 -343
160 613
-543 -799
-56 841

58 429
-431 249
188 474
-341 327
-172 368
-70 401

-73 -56
-62 -46
-28 -11
38 61
-82 -40
-67 -27

78 -8
-4 -87
-56 -35
-31 -45
439 -311
-49 -17

173 -976
171 885
181 -895
-30 -962
-55 -887
109 -777

-41 -20
-11 25
42 45
-17 16
-8 -30
22 15

90 -206
112 570
474 -490
496 286
378 -419
998 707

408 313
264 -384
255 -146
-920 -226
577 290
188 183

-46 -80
64 57
54 -28
190 592
22 -172
-167 -984

-4 -4
-5 -3
3 -5
-457 -387
845 713
20 16

6 -8
8 -6
1 3
0 -6
2 -4
4 14

322 -566
124 -797
695 723
990 -852
-324 999
61 328

103 2
-689 311
63 14
-71 78
-37 44
-94 17

-231 823
-738 302
-770 766
388 -280
-282 -12
108 208

-60 38
-692 425
-11 8
5 -2
2 -2
2 -3

-246 79
-382 123
16 -6
4 -4
3 4
-1 4

32 -11
14 24
-7 10
5 -29
-19 2
26 -15

595 -611
651 -751
67 -99
93 -152
205 16
219 -367

-4 -10
5 7
-8 1
-12 12
9 -4
13 -15

19 21
-2 24
16 6
-742 -24
-15 39
821 111

7 -19
-11 -49
-11 49
26 -6
-17 39
-39 21

-376 -131
-385 -183
-214 -426
-160 -114
-430 -443
371 492

7 1
-173 -361
276 544
5 -27
10 10
-1 1

-99 701
-465 884
-494 453
-534 473
-227 -16
259 -259

-781 320
579 206
-375 187
-955 795
-81 -516
-149 -260

578 -918
-173 -158
104 -964
-647 -204
-348 -56
877 -770

-17 1
-837 -36
537 26
3 2
3 0
4 1

-501 817
369 -778
-32 -584
-100 623
-433 -390
-834 -196

-191 -293
-2 85
70 9
602 688
710 904
29 -73

93 -22
93 30
55 -14
-640 -868
-2 -132
82 -32

-21 39
15 1
5 16
3 17
1 -10
-3 16

-44 -6
1 -3
-23 -18
43 -27
44 -18
-20 9

-294 383
-636 935
-311 407
221 -325
-96 101
-5 -25

-58 -85
75 50
83 38
-968 674
-187 158
498 -298

46 -26
206 -139
-434 311
14 -8
-28 12
9 2

-3 -2
-1 0
-5 -5
530 60
-207 -29
0 -4

59 -41
-21 16
-449 313
-18 -2
-7 10
24 -14

12 -117
235 -335
364 -459
59 -77
61 -82
-27 -97

-6 -25
0 2
10 8
-15 -99
19 59
13 38

16 -16
-994 771
-804 623
2 -3
-4 -2
4 5

2 5
-2 4
5 3
586 -39
215 -12
-19 5

-10 8
13 11
18 16
-5 -17
-13 13
-15 8

672 -375
-558 -289
489 -300
-911 718
385 17
433 -68

7 -34
-15 26
-33 0
5 9
-13 -17
-35 43

29 -10
-28 -10
-29 -26
266 830
24 30
-258 -906

647 -150
551 -128
512 574
686 -852
514 538
733 -845

213 -252
269 -89
185 -305
-23 -864
315 89
-27 -880

-234 -888
-258 -159
478 -123
-400 -744
-816 696
20 -906

-965 -708
-719 -228
613 -990
-268 652
-398 -722
340 718

-6 -10
-11 -11
6 -1
9 -7
11 0
8 6

-137 -402
325 -336
376 -387
642 363
477 -24
433 36

3 0
1 2
-5 -1
-1 -5
-3 -3
0 3

20 46
-40 -18
14 24
-25 -28
8 -11
-16 5

22 49
23 41
22 -33
38 40
-44 40
-36 39

-619 -646
-700 -178
-537 295
-424 206
-123 899
-261 962

20 -29
26 29
-10 -13
264 29
-704 -52
-36 2

326 109
420 112
385 -121
-678 -175
-770 -168
57 6

-3 5
6 -9
-3 3
1 -2
15 -17
11 -14

201 -164
195 -159
1 -1
-2 4
-1 -3
-4 -4

9 48
10 48
33 -13
-10 -32
-7 -25
0 -29

-10 -16
20 9
-2 -13
-258 -137
-52 -30
-694 -364

20 -12
6 14
18 -4
-10 43
-22 61
-350 558

-838 936
-194 220
-82 102
-54 58
58 -98
-40 1

-7 -15
-2 34
29 39
-1 -6
-39 20
-38 -20

3 -50
37 28
7 43
-30 14
30 -16
-37 -30

23 412
-394 -215
91 -444
-798 -446
-509 673
-561 -911

-26 -18
-47 -6
18 -6
-7 10
19 10
9 -20

-192 185
515 -157
875 557
-552 -529
755 319
395 -395

8 -7
15 -16
-12 20
8 -4
10 -7
-7 14

-203 -96
-246 -70
73 346
340 489
-117 -148
-298 -343

-15 4
7 7
-4 9
-15 -1
-4 2
-15 6

27 -4
8 6
-36 24
42 15
26 -2
-4 -40

123 -189
21 -33
187 -316
64 -58
-62 -4
100 -97

3 4
8 1
-8 19
6 -16
-3 -12
0 -18

-228 -445
415 208
201 -195
-270 -915
-146 -886
43 121

1 -2
-5 4
-4 -5
-2 5
0 -5
-5 -4

-382 45
-797 94
716 -529
300 -433
-78 421
262 -835

-332 634
-312 440
-245 -281
211 415
-29 136
-251 -128

0 -10
-12 -5
2 -7
-8 1
-15 2
9 -8

-3 -1
-13 13
-2 5
-8 6
4 4
-15 1

3 -1
-5 2
-1 2
-3 -1
1 2
1 -1

-184 -72
-393 39
-81 450
130 -431
24 202
-185 313

-11 17
10 -11
-8 11
-7 12
-13 12
-20 19

58 -91
40 19
56 -41
-44 79
-24 55
-84 93

-8 -33
34 -48
22 -30
3 -45
-9 -33
-50 -40

11 -100
414 122
31 -251
454 -180
-532 735
-49 353

4 1
8 -6
7 -3
3 3
8 13
3 4

-11 -12
-13 -8
-11 -15
-14 8
-16 10
-19 10

-781 630
-401 -805
-777 920
-754 -90
-324 -861
-414 -430

6 11
61 175
158 464
5 4
-3 -1
-2 -2

-9 -27
13 19
6 -17
-743 67
41 -27
820 -121

-4 0
2 0
5 1
-413 475
-5 13
10 -4

209 -128
147 -102
-39 -19
-76 12
85 -76
19 -38

6 60
679 -921
13 51
18 6
-27 -19
9 19

7 5
28 -30
58 -23
5 21
-38 -12
96 63

-81 -788
945 748
603 458
261 168
603 672
-5 -890

-4 0
-2 -5
-4 5
732 -597
-757 605
16 -19

-11 -9
14 10
-8 3
12 2
9 -10
-5 15

-3 2
-5 -4
3 5
-11 3
-677 -210
-39 -6

2 -1
-1 5
0 -1
-3 5
-3 -1
-5 -1

154 -785
185 -742
-731 -988
540 775
247 -656
509 732

-14 15
-47 18
-50 -12
-16 -5
-44 48
-19 -35

237 484
-185 -22
-267 85
-430 -130
-248 186
74 269

194 -99
350 426
-72 25
-442 -201
458 110
404 268

48 35
-6 -8
26 18
-50 -28
38 26
0 3

-3 -5
-2 2
2 2
-16 -11
-92 -76
-732 -623

0 -5
4 3
0 -3
2 2
2 -2
4 5

384 821
-828 99
-91 801
350 -134
80 -699
646 -695

33 0
27 -33
-47 -95
-3 -24
487 -809
107 -196

37 -24
-46 -13
-40 29
45 32
-45 -6
39 -10

-9 57
19 41
-12 51
16 11
-6 -9
25 29

5 -5
-15 -21
12 14
609 390
469 298
-47 -43

0 -16
-14 4
-7 -20
7 -7
-7 -11
-14 1

2 -1
1 -4
5 -5
-13 17
163 -202
44 -54

10 -9
-46 17
-33 -23
-10 -45
23 -49
-13 13

-659 136
-108 150
-271 -153
-866 -935
-945 -793
-567 612

41 -23
-31 7
47 1
-36 -13
48 5
26 23

-14 5
-24 -16
-19 -30
47 570
37 483
-18 -20

-352 443
-241 -175
-102 437
-366 -172
-403 34
310 222

36 -65
-2 74
29 -80
43 -50
-9 59
-16 44

-52 162
-222 477
-328 -233
-377 311
-37 -319
-362 -170

31 -39
50 -23
14 13
74 -36
156 -74
-59 41

4 -5
-5 -2
5 -2
3 2
0 -2
-3 4

-838 -491
-546 -337
555 272
-77 106
-827 -975
-281 -177

951 -531
945 -491
654 354
650 286
680 254
200 547

180 323
-852 -934
-104 195
-339 617
153 -745
213 -454

-24 23
49 -38
2 -27
0 43
36 -13
21 -47

-731 -292
-25 -271
-92 611
-798 590
681 -250
-518 9

-16 -2
9 28
-45 0
-20 7
30 21
35 4

-133 -862
-449 712
543 867
379 -782
-577 692
-613 -937

-356 -37
283 -54
266 -71
126 -224
151 -258
-52 -428

7 -12
14 -24
-13 -16
39 -19
-45 -9
29 -21

17 56
56 47
-3 -78
-19 -58
0 11
61 -52

1 4
-2 -4
0 0
-6 -5
-218 -261
18 24

10 -14
7 7
11 -15
-3 -13
0 -4
6 8

-16 -84
66 -29
-96 -75
65 -61
43 -31
-85 -90

1 -3
-4 -5
3 2
-5 -3
4 0
-3 0

-16 -35
-350 -885
255 653
5 -23
23 -20
17 10

49 -51
-87 1
41 -13
24 -23
51 -77
-52 -47

51 -62
-26 78
-28 86
-13 56
8 14
60 -74

-553 474
-161 -308
-361 775
-75 49
98 867
194 -229

344 87
598 752
124 -550
240 -440
150 -449
-172 -309

33 -35
-223 127
-69 28
-21 10
-13 -8
9 -8

-35 -371
3 18
14 131
1 -1
4 2
2 5

-1 1
4 3
1 -1
941 68
-20 2
650 48

-10 7
5 27
20 40
14 -20
17 -18
5 9

601 347
-276 26
-631 6
-677 275
-723 544
-322 295

-28 320
-91 414
665 -922
-490 13
14 148
406 279

5 12
-2 10
2 15
-2 15
-11 -13
-2 18

4 2
2 0
2 -5
1 -1
3 -4
5 -2

85 -285
-43 -312
113 -140
-387 450
-31 386
186 397

-4 0
-5 0
3 4
1 4
2 4
-3 0

-14 -148
-482 -412
290 -368
63 -650
-346 -940
943 -474

28 -17
29 12
2 22
13 94
-298 968
47 1

47 -40
-11 -12
-37 -14
31 -25
28 -9
-21 -29

-150 -179
-215 -145
45 -215
-85 -37
-13 2
45 93

-670 389
-818 -347
-447 373
-317 408
176 -185
-148 -133

-7 3
-47 38
-9 -13
-28 -23
-28 48
-18 -2

837 816
-131 -467
-251 -557
996 -107
-87 -234
-891 -390

-964 -821
253 -953
-172 -997
-427 -539
36 -757
-879 -563

31 -95
412 -671
360 -593
-76 64
34 40
-17 49

156 142
-18 -11
-51 -40
-3 2
-2 -3
-4 4

37 -33
-5 0
-41 17
-47 33
-7 -21
-16 3

-97 949
-2 984
-234 -702
-268 886
-363 851
-139 -667

329 -336
-241 409
409 -169
-321 242
489 -2
-401 75

-594 314
-457 -925
-706 342
-625 -883
-634 324
-513 -911

15 8
12 20
18 -20
14 -7
20 10
20 2

-2 9
-6 9
1 -10
-9 -10
-13 9
-5 -10

-60 87
72 -2
26 61
-8 -76
29 11
-14 24

-309 -206
-476 -468
829 101
359 842
328 -685
192 580

17 -6
-168 -24
529 44
-5 -1
5 3
-4 -4

-2 2
2 5
-4 1
-14 4
-472 -21
-124 -2

-2 -31
52 -302
-179 877
19 19
-26 -21
-2 24

-36 -52
48 -49
-37 -31
-107 -421
461 764
54 -82

-295 259
-359 -242
-55 379
-1 777
-381 -113
-243 -86

20 1
-5 3
9 -13
3 16
5 -4
-15 10

349 176
-195 -368
245 486
-655 -324
-625 -658
-16 69

56 -48
80 -72
72 -88
-111 442
39 38
-30 220

17 -7
5 -14
-10 -10
-3 4
6 5
-12 -14

-16 17
251 -269
-297 318
0 0
-5 4
-1 1

3 -3
-3 -2
-1 3
-1 -17
-3 46
-9 219

-329 -213
235 95
37 -13
10 -25
7 -11
-2 7

-52 -24
-98 -250
-37 41
10 8
-14 4
-30 18

-889 -163
547 -471
287 -457
-655 -214
-487 458
-793 -409

32 36
-4 10
-25 -6
38 50
-31 -12
14 28

8 13
9 -4
8 5
10 5
8 -1
7 -8

-17 27
1 -7
-14 16
-13 5
-315 886
15 -77

-3 3
-1 3
5 -5
-947 -185
-11 0
237 49

-37 1
35 35
-46 33
-1 18
-28 -31
44 3

-54 0
6 10
-96 -24
-32 29
-48 27
-50 -37

0 -1
4 0
-1 4
-4 5
2 -4
5 -5

163 -83
118 -106
793 358
83 15
-72 -1
-87 32

-199 383
-621 -644
-513 -382
-259 257
-395 -3
-105 554

-28 4
41 -41
-13 -1
-7 19
-31 -6
-25 14

-318 275
90 143
-414 -256
135 382
4 -117
-229 746

-386 -463
-503 -531
-80 621
-908 -20
-806 247
-148 930

142 -583
-247 -32
458 -470
701 307
-4 745
547 712

-15 30
-21 12
-9 -6
69 -293
252 -907
-12 -23

-581 849
-8 16
-138 205
-1 -3
1 2
0 -4

-13 22
-20 -25
3 10
8 11
-36 -13
19 -2

94 -492
19 42
126 -737
28 -12
-6 25
7 -27

-13 -268
-289 338
-377 426
615 -737
-813 520
203 -354

-98 -360
-139 -376
-353 -38
-189 26
-230 10
353 -184

-104 382
578 686
-958 -312
65 144
-18 577
409 924

48 41
-46 -25
26 21
12 18
38 -7
0 46

-309 154
-206 156
379 -44
-245 273
213 -168
37 49

10 3
1 -15
10 -13
-8 -1
-3 13
-2 -13

597 -989
-501 790
-53 70
23 34
95 -6
-64 -7

-3 -1
4 -4
-2 -3
14 -976
-1 -15
-12 689

289 -461
195 -490
75 -410
6 351
-108 -68
-202 -317

-357 125
-383 28
-573 458
-542 185
-695 509
-206 -333

0 1
0 -3
4 2
4 -3
-1 1
-5 1

22 3
-9 -27
12 -12
-990 808
378 -305
-25 23

11 -18
17 -18
-19 -27
4 -21
18 -15
-33 -33

28 -37
14 -74
-34 -8
-23 29
-14 -178
-17 -409

2 -2
64 -97
-12 19
0 -3
-4 1
4 0

3 4
-38 186
-111 510
-2 2
3 -1
4 -2

-18 19
-804 727
-401 364
-2 -5
3 -2
5 -2

-30 24
-15 18
-2 -6
43 -20
56 5
-5 -134

-368 -486
-48 282
-268 -106
225 361
-77 -297
-23 -31

-481 685
115 461
484 335
-491 428
-407 424
454 293

-6 -10
18 1
-8 -17
-473 -733
-34 -41
571 913

10 -12
14 -5
-20 4
-16 11
7 17
-1 3

551 262
-326 -245
802 291
-773 -322
575 138
-1000 -475

474 122
950 178
-693 620
706 351
941 16
173 -176

-4 -2
-5 2
-3 4
-16 6
95 -73
19 -19

269 -792
108 -594
8 -614
94 -470
-355 -131
-309 -217

936 96
-347 -96
-509 -60
327 89
-300 -6
45 -77

181 43
141 213
-279 -282
-454 -352
-544 -212
218 -384

43 -15
-7 14
41 -7
11 1
8 -17
22 -47

-42 -24
61 58
35 32
608 935
-532 -871
-33 -80

-640 97
230 -987
-966 650
777 240
449 -379
339 -976

-182 -156
288 487
448 416
-187 272
-52 -384
138 -298

-483 380
-672 -496
-191 620
387 -604
-221 -196
259 -172

-11 -13
15 8
4 2
-6 -8
12 5
-3 -10

-806 501
-710 -163
-630 434
-122 -126
6 394
82 -160

-233 -339
-245 -387
-146 266
-197 -452
-377 -401
-433 -368

-37 -302
-28 -40
-25 -14
-27 -18
-3 8
9 -2

52 64
-11 -459
42 -10
-9 -7
2 -22
12 16

291 95
331 109
15 0
-5 1
3 -4
3 4

-23 3
-29 -23
-6 10
29 3
3 -22
65 53

-688 219
-269 765
-853 23
-624 464
-927 42
-967 -40

-7 -12
18 -20
19 -15
-2 13
8 6
9 -8

-26 -424
439 140
-244 -184
46 483
198 226
-290 -492

16 20
377 864
84 179
4 -3
5 -5
1 -4

-194 -314
-294 425
310 -839
-142 -417
119 12
-350 467

6 6
12 -9
-7 4
-13 19
14 -14
2 -7

12 -6
-24 17
-6 23
21 1
810 -372
-45 33

15 14
13 -3
-4 36
-8 2
-33 -27
-35 -44

141 134
50 147
78 170
34 49
76 70
53 0

-96 -39
36 84
-55 -14
-84 25
33 -15
21 4

105 707
-457 898
702 516
-263 816
-352 898
603 -57

50 1
16 30
36 -9
22 -19
23 35
9 25

-3 2
4 -1
1 -2
-5 4
-1 0
0 3

2 2
3 -2
2 1
4 -19
77 -766
-26 288

16 160
-457 -330
236 385
-270 -145
247 405
-155 -20

-12 -19
-19 -13
-4 11
-13 -12
-1 -10
-16 9

30 62
4 35
-50 -100
174 -110
588 -101
-54 -110

-54 -85
88 -54
70 -27
124 -143
37 -173
775 31

-24 -24
-23 26
-3 -12
-41 44
142 -80
295 -178

325 61
283 -43
205 -66
-188 -75
178 -303
434 -482

-129 445
946 -184
407 363
413 -567
943 281
410 -102

-16 14
7 93
-51 11
15 -70
79 -26
-87 -98

-84 716
963 -959
-9 620
-59 684
-82 683
-292 -418

5 3
5 2
-5 -1
0 0
-5 -2
5 0

-425 455
-79 -185
-228 329
-55 9
-31 203
339 -243

314 331
-512 -135
230 104
-673 313
-428 92
475 -117

150 -308
190 -110
-462 339
-92 -124
-193 -427
577 427

-675 771
-464 135
-508 735
623 -493
800 55
434 -521

152 182
355 362
253 274
16 80
-22 72
40 72

1 39
18 37
-25 -5
-30 25
5 15
-26 1

-496 -4
-173 13
271 -479
-662 109
34 -595
-473 157

-226 409
-411 -131
-109 442
157 478
-348 238
-470 67

-3 29
-71 -101
-92 -134
8 -24
-21 2
-9 8

18 20
1 2
-3 -8
-5 8
12 19
-10 -1

-18 10
-10 -6
5 30
-37 18
-325 -190
-574 -368

-18 11
-296 158
-960 509
5 -3
-4 5
-1 -1

-61 78
-154 750
-105 379
-32 -13
-77 -58
-71 -87

-9 -18
18 -22
-3 -9
-725 -371
4 -50
509 172

-4 -5
-4 0
4 5
-20 20
0 15
0 13

-41 16
-48 49
-42 7
23 -18
30 -1
12 -31

-837 498
-508 421
917 -434
456 -626
-309 -96
-528 280

325 -153
507 863
863 441
-838 -622
954 949
-122 -239

423 494
65 62
-141 -352
-419 -867
-323 -772
337 498

8 8
-1 15
-14 19
-8 -4
14 7
-9 -2

-66 79
-10 90
50 81
-6 70
-65 74
-69 94

-608 207
152 -73
-86 15
-97 -17
-82 -9
83 95

13 12
6 16
4 15
11 17
18 6
13 16

5 4
4 3
-1 0
-836 910
-6 14
82 -81

-5 -540
675 -594
913 -411
294 903
213 951
-251 -469

-17 24
36 -7
25 0
17 4
45 2
16 3

-23 -15
-22 -20
22 -47
9 18
-31 25
10 13

-26 -4
-49 35
5 -38
29 -23
-41 40
40 -39

259 221
151 131
-42 -24
20 16
2 -20
-10 -9

-27 -75
45 -53
-62 -43
9 -64
-98 -54
-26 -32

-26 14
47 5
-45 -3
-34 44
36 -42
28 -12

-8 10
12 0
11 2
4 6
-11 6
-7 8

245 62
76 -551
355 7
0 532
62 253
339 244

558 -651
152 -158
761 -7
-51 -802
-892 92
471 -927

224 298
957 343
-512 -482
911 353
-212 873
955 -147

11 -9
-8 8
-19 15
-17 17
-18 7
-15 -17

401 514
106 -57
187 90
-10 -14
43 -48
-45 -46

-62 68
-312 -302
460 410
-82 -509
135 -326
-937 -734

5 -5
2 4
-1 -5
-3 4
4 -5
3 4

-3 -14
-97 194
116 -277
0 -3
0 3
-5 0

23 18
-450 -258
807 476
-13 16
7 1
25 -25

21 249
-701 -571
36 320
-538 -359
-189 -591
0 -605

4 1
1 -1
-2 1
2 -3
4 5
0 -5

-401 129
-298 70
819 839
-357 -661
495 877
324 398

-5 -5
-2 -6
-27 3
-40 35
-492 522
-634 675

-7 5
-33 -27
49 -29
6 21
-5 -44
47 20

487 92
165 678
-150 989
188 719
-969 858
396 767

-203 92
-171 -92
217 50
-756 140
85 -112
64 -196

8 -11
-20 -27
20 -23
-671 554
-15 6
709 -598

-882 -766
142 -60
-828 -759
4 492
222 237
222 95

-10 30
27 3
9 -27
51 -15
39 -279
65 426

-887 -849
-1000 -753
-926 -628
-976 -889
587 52
676 92

0 2
-5 -5
3 3
-4 -2
-2 -4
4 -2

11 -34
-99 40
60 -82
-93 51
-1 -56
5 -45

-86 974
157 524
-445 -194
242 -760
616 -326
-692 -653

-29 -34
23 4
-47 -37
34 26
-49 -50
-21 -18

-5 5
3 -5
1 2
51 -121
-3 5
-191 443

42 93
51 -15
35 20
-12 114
791 -521
-637 610

-13 -67
71 -74
-66 -14
-830 609
74 -124
-859 628

-4 -1
-7 -15
8 11
-2 12
-13 12
20 0

31 13
-8 7
48 -11
-25 31
-36 16
20 -2

63 -35
23 -14
-87 -45
-92 -69
58 -59
33 -37

-16 -7
97 111
-763 -787
-5 5
0 3
2 1

534 -185
284 -335
-800 -231
973 -389
-648 549
863 -209

3 1
99 45
-43 -26
145 -123
-3 -27
-475 283

-875 769
255 -883
-408 471
268 156
-826 505
-248 718

-37 -24
-10 10
23 -20
28 34
50 14
-7 -22

16 16
12 16
-21 11
615 872
37 45
-685 -988

76 -54
49 -75
-28 90
53 21
-108 -598
283 943

-14 -13
-12 -3
-6 13
-10 0
-14 5
-10 -7

-5 0
-2 1
2 2
211 362
90 157
5 13

43 -6
0 65
-7 44
88 -106
82 3
74 -85

-200 -694
-36 -56
33 212
-17 18
-21 -9
-23 -5

288 -317
-8 19
-52 69
5 5
5 3
-3 4

47 29
35 2
16 46
31 -7
-12 -17
-24 -44

-85 72
-90 82
1 -78
16 -98
510 -863
526 -888

-9 6
186 -177
153 -146
1 -4
-3 -2
-4 -3

-7 4
-6 -22
-7 -33
-36 -40
-13 -4
-7 7

41 -314
-388 -269
-555 448
-674 -239
-829 127
-126 403

-46 33
-41 98
-28 89
-42 -4
16 38
80 69

-313 620
-589 494
296 825
445 820
-210 594
66 720

664 357
-805 -337
188 173
308 -309
362 -255
-86 409

-28 -94
13 -18
50 49
16 -15
20 -16
21 0

96 -746
-963 -402
-229 -710
767 -877
746 -818
-638 -438

-97 6
74 65
28 41
-61 55
-51 30
-87 -19

-4 -2
4 2
2 4
6 0
-86 61
-14 13

604 402
-510 200
-270 -122
-193 623
-827 -223
364 724

35 17
11 -25
-88 41
707 -381
-337 186
185 -92

-62 -51
-62 -50
49 -67
12 -54
-62 -27
49 -66

279 348
-615 174
690 -73
347 -207
-865 -339
645 195

-65 -500
-547 -923
-987 -830
836 -428
815 -686
33 704

160 -255
380 -460
884 -806
300 210
-87 -77
185 195

994 -669
-131 435
-456 795
-430 256
-144 167
-496 115

107 677
-161 -196
-25 268
-327 -721
287 -325
-335 -717

-5 5
18 -28
-11 -19
89 88
401 422
-16 -22

-175 591
-380 881
-400 63
419 597
-544 -81
334 357

33 -38
37 -26
-91 -60
-5 -47
99 -15
-39 -44

187 480
36 290
-143 -33
-144 -7
-702 -850
139 447

3 3
0 4
1 3
4 -11
79 -283
-162 591

-20 -39
-24 14
-12 -26
-16 27
-5 30
-26 -19

364 604
486 -627
604 116
452 -556
18 -917
-704 -974

-15 1
140 17
-89 -7
1 5
-5 -3
5 1

-64 -394
389 413
187 213
133 162
-56 6
52 -288

795 -109
154 -461
-390 -747
-348 58
502 -98
-421 81

-7 -38
0 47
1 8
-39 -43
20 -17
-21 -29

62 37
98 45
-89 23
10 45
7 59
80 -47

891 383
53 584
173 753
377 306
-339 -172
216 430

-3 3
-25 -4
-7 1
-59 -39
-639 -645
-683 -691

-8 -6
-12 -2
-8 -11
-4 -15
-6 -3
-3 -11

-2 3
-3 3
5 2
3 2
4 2
3 3

-79 54
-4 -61
-51 -75
-98 -89
15 82
-32 68

-66 70
-59 74
-401 -90
-26 96
-29 89
-81 41

27 31
-51 -72
-16 -62
61 -40
-57 7
26 -50

892 31
114 847
974 117
704 813
-476 881
954 912

496 246
153 18
437 66
124 -79
-116 -240
316 251

-7 -18
-734 189
650 -205
-18 -17
-25 -19
-22 -11

791 962
155 634
239 864
-238 431
-978 852
-130 530

-553 -433
201 -43
617 268
695 500
-332 -702
-371 -818

-29 0
-12 -6
-4 -30
-55 55
62 -44
-62 64

555 -919
385 540
241 442
253 81
-679 -795
481 52

4 -2
4 3
1 -5
-4 0
-1 3
3 2

34 -17
47 28
24 -31
31 -48
37 14
29 -24

-285 295
48 -44
105 -103
-9 -5
24 2
6 8

-363 -335
-179 191
-241 714
-681 -77
531 -295
327 -152

-16 -17
-19 -21
10 19
-2 3
-4 -1
-5 -5

206 -448
-792 -152
-524 282
620 789
-486 -393
-622 -75

-62 -52
18 55
56 53
33 -57
-77 60
71 -59

-401 -844
-503 933
-535 900
-403 -540
125 -46
-464 -483

61 -46
-42 38
-20 20
4 1
3 2
0 -1

13 14
-607 -958
-98 -160
3 0
-1 -4
2 -4

0 -14
8 -8
11 3
-1 -13
3 -3
12 2

65 905
-30 898
-46 882
-236 307
-340 -17
-518 -558

-370 -170
-329 28
480 105
-499 -27
-64 -71
391 -478

110 -699
26 35
-75 905
-4 15
28 12
-14 -17

-329 -483
450 301
-444 -341
-342 406
-410 -92
3 -20

710 -765
40 -758
276 -994
29 -735
-205 355
-244 -132

-2 -1
1 0
-2 4
140 -925
96 -630
-1 20

24 -81
-74 -53
37 -85
-75 -51
-17 -63
58 -79

18 -40
70 60
17 -9
48 100
74 -64
80 -36

83 36
-27 61
62 33
-286 687
-56 38
299 -960

-724 999
-800 753
-252 961
877 -784
-101 432
399 -68

22 838
-7 -17
17 690
-1 -1
2 4
-5 -2

-980 -714
549 -80
161 -239
-3 103
448 -444
276 -229

-14 -23
-21 24
-14 1
-299 -689
-43 -22
77 290

654 -916
399 -452
-902 498
-392 -430
-647 34
-111 476

-12 294
-51 -210
282 322
376 -753
-9 -206
628 -729

-10 2
-8 -9
-11 -14
1 6
-2 1
-7 7

-76 -40
86 -13
23 -25
38 -53
41 -55
-19 -96

-1 5
0 -1
3 2
84 543
-2 -8
-123 -783

-328 920
129 -445
267 -505
146 -639
266 895
161 894

-4 38
-624 641
-290 316
9 12
15 -26
11 -17

33 -9
34 9
-86 76
18 -17
-56 92
-71 84

69 -13
-3 67
-3 18
45 8
-27 -63
-27 -14

-16 -42
-18 -4
-26 -19
50 40
8 3
16 18

12 8
20 -6
1 -2
17 9
-17 -3
-11 6

18 14
-8 19
9 16
1 -1
3 4
8 13

38 -99
2 -6
-62 48
78 76
-84 -90
-54 -84

-3 -2
5 -12
5 10
11 -12
-13 10
-5 10

216 2
-108 218
-120 -281
-946 -207
372 -388
-854 -95

-582 733
110 -177
-477 649
166 -319
-219 -11
310 -337

-269 -530
115 239
5 20
-23 -1
-9 -10
7 15

-401 -803
-776 19
-864 195
-679 -263
-783 9
-684 -189

248 87
-96 334
36 37
101 286
-225 -298
-107 -300

2 0
-4 0
-3 3
-14 -21
204 282
14 18

-261 -470
597 977
-52 -704
852 546
385 589
575 -506

110 714
153 987
-4 -9
3 1
-5 0
2 5

-763 906
-475 978
-210 278
-90 488
-921 699
534 64

-876 -192
493 121
-28 2
-5 17
21 -15
-6 12

-16 -13
-7 9
-10 6
-1 15
3 6
4 -6

-330 416
-137 -308
-220 183
-33 -48
-385 -293
370 134

-6 -15
17 -5
-13 -8
82 -10
115 -16
137 -13

-12 12
7 -3
-2 7
-13 7
14 -1
-3 2

-40 -1
40 -2
18 11
-18 -14
-33 18
-4 24

-50 -3
-33 8
31 49
12 50
-5 36
-31 15

84 -59
-54 -6
70 2
-85 -8
39 0
-9 -65

-16 -20
26 2
-19 22
23 -44
-652 398
-592 356

-20 -12
-133 -68
107 51
-4 -5
3 -3
3 -4

-400 -713
-317 -856
-359 -898
709 -561
-874 -983
664 -567

535 359
980 858
1000 821
-166 -716
-42 -501
453 144

2 72
-109 -16
-26 99
750 395
-827 -314
840 432

-778 -137
111 16
18 0
2 2
3 2
-1 -3

138 233
-7 36
599 867
-19 21
-2 30
14 -27

-1 -66
51 -162
-31 -15
-5 -22
-23 -11
19 -24

862 816
468 -23
522 112
74 -63
-262 -96
822 -13

274 -320
625 642
514 -240
373 -625
159 -895
-390 -640

-31 226
60 252
473 436
596 482
948 636
-339 90

-63 -690
57 622
-133 -387
167 329
287 -282
367 379

65 4
47 24
-15 24
-54 39
-8 69
-787 -466

31 49
-45 -10
-35 2
-18 -9
-48 -23
50 12

-4 -4
0 5
-5 -4
2 5
3 5
-3 -4

335 -907
254 -231
290 345
117 -451
-231 -103
-377 247

984 370
589 -209
294 -118
-776 983
-796 849
569 -343

-49 279
-157 -81
-269 -81
8 727
14 951
-193 -57

531 -354
514 -416
201 342
-218 -86
-300 44
178 -320

-1 -2
-2 -3
-4 -1
1 4
2 5
-3 -4

-14 -32
-2 -2
-206 -500
21 -21
12 15
13 -5

-4 13
-3 10
18 -50
0 5
-1 3
-4 0

-3 -9
1 1
71 181
-4 -3
-3 4
0 5

-3 -6
3 -9
12 19
-6 20
9 15
-6 7

-2 -14
1 -25
-19 13
610 -78
31 -25
-550 28

-386 555
400 -90
612 327
-835 37
662 -305
-810 -279

158 207
13 17
615 806
4 -1
4 4
-1 0

148 494
-151 397
-89 104
-295 196
409 233
-504 318

3 65
-59 74
-43 -23
19 -32
31 42
-42 81

-10 3
-13 -9
4 3
-4 -15
5 7
-1 11

53 62
-90 48
33 24
34 -60
-28 -6
-29 78

-832 -82
13 18
26 20
-16 25
-11 -5
0 7

279 178
-270 95
865 -624
-233 -790
-819 12
316 -707

-583 -830
859 518
864 523
495 201
-263 -463
121 -126

-415 -35
449 -275
-457 -129
280 -457
331 110
451 -346

-108 35
-4 2
-65 21
4 -2
0 5
-3 1

-17 -41
47 -35
69 20
-74 -68
22 -10
96 70

-245 -175
-164 -368
-163 -67
-40 95
-613 -360
42 203

-444 942
-45 57
274 -650
-16 -30
-21 11
-14 -2

-46 68
-35 34
-56 12
330 601
-196 -93
367 648

-34 80
25 61
-7 62
-55 94
70 -30
21 23

-524 624
-752 986
-891 661
438 188
805 151
299 -137

29 59
17 2
-10 -97
2 89
110 -82
431 -587

-3 2
-5 1
-5 4
49 27
-30 -10
4 6

-717 94
-876 -76
-437 -46
404 282
243 134
-464 -82

-18 12
17 -10
12 -6
-10 -15
-7 -2
-7 -12

15 -5
-12 -2
-14 -2
-12 -1
0 -4
-2 -4

3 -5
-3 3
-3 5
0 -2
-1 3
1 5

-1 -25
-13 4
-15 1
12 -12
-261 -79
524 114

-308 -386
389 369
336 356
-148 -335
-775 -47
-71 -321

-9 27
29 25
8 -20
312 597
-33 -9
-366 -599

-64 384
-259 290
-70 479
-915 559
502 -49
-1000 582

16 15
-10 -8
5 5
18 6
13 3
-8 -11

-599 107
-491 312
937 205
-167 927
613 -410
505 -615

-486 -268
-259 -121
-58 225
-479 184
-408 330
-389 -321

410 -657
68 -218
-100 -4
-42 81
-46 85
-5 -97

-5 -3
-3 0
2 3
1 -3
0 0
4 -3

-34 -44
2 -41
-4 1
-40 -50
-29 -18
25 0

647 -972
629 -720
324 -601
327 -643
592 -202
839 491

88 80
-67 -3
43 -69
-560 -40
-109 147
-73 119

82 -87
38 -79
-28 55
-50 -63
3 -56
69 54

31 -9
-6 0
27 35
47 14
10 23
14 -21

-98 -46
-10 -36
67 -4
49 -92
-73 -34
-62 -56

-9 62
38 28
34 -30
-34 -62
-13 4
10 -60

3 2
-2 4
-1 2
-17 13
-888 558
-701 441

13 16
-27 -39
44 25
-41 9
27 -32
20 -8

-18 19
-440 300
-413 282
4 2
2 5
3 -1

-9 -7
-20 -8
15 7
10 3
-6 -15
9 10

-30 40
-8 24
8 -32
36 -8
20 48
30 -48

3 -48
10 5
-2 -26
20 -39
-36 -44
-19 -35

-163 66
-934 -185
-507 44
-519 850
-258 665
869 132

-514 -238
0 18
24 29
1 -20
27 12
-20 -27

-18 -12
-27 -22
0 24
24 51
88 123
2 24

-5 -13
1 12
5 15
7 -4
15 2
12 10

154 126
-504 -346
-164 -102
89 79
-78 -79
81 71

-3 -5
34 -5
0 4
30 -1
20 -28
21 8

-41 79
4 -77
17 21
-39 -71
-38 39
21 91

21 -479
110 -398
-26 426
449 29
381 441
288 -236

3 -6
-6 11
9 1
-4 -5
1 10
-12 4

83 69
85 21
-34 -3
-670 -148
241 105
67 63

-364 265
-694 -65
-233 464
-287 342
-927 -978
0 969

37 -64
76 77
67 21
36 -77
-64 -96
-49 -84

-138 107
-54 -17
444 -738
-18 -26
-12 20
12 6

-24 -1
28 12
15 -27
-68 -435
-9 14
-118 -784

51 70
82 -74
63 21
6 -87
82 2
25 -62

32 -73
-50 -92
91 -78
91 838
102 930
-36 -85

22 74
89 -48
-13 48
19 -100
54 -74
57 100

473 -585
346 -253
489 -416
744 -926
184 -891
-85 -922

287 -430
-462 450
-425 404
392 -279
-257 -112
-234 -115

-11 -199
-92 13
-95 -3
-36 5
-43 -23
-87 77

-3 3
1 -1
5 -2
-26 11
42 -15
-16 7

15 9
-12 -38
77 -5
50 -52
-51 77
-82 84

18 13
14 -16
42 26
38 -3
17 46
43 16

-715 -945
277 364
11 13
1 -5
-3 -2
-1 -3

11 -18
-18 6
-14 8
17 -15
13 -6
-13 14

697 -713
-237 193
-513 855
-704 646
-184 733
-948 -103

-80 -28
12 44
-23 -13
-13 -94
33 -58
-58 -70

254 -253
-217 -310
-273 -288
446 -250
883 451
547 -119

-301 206
-393 121
-240 70
427 426
-266 -37
106 186

377 -398
397 -201
460 -174
52 -558
-981 472
-123 -395

2 1
-2 2
2 -3
602 -240
-12 5
-190 76

-528 -987
-462 -939
300 -352
264 -164
237 -365
269 -207

907 -268
647 227
613 -268
-428 128
-477 -215
-8 98

265 -456
894 377
110 -972
-209 -773
584 -655
903 -854

-249 149
14 5
-43 37
-1 -29
27 5
29 0

287 -39
-189 -11
-236 -44
-818 -142
-955 -157
801 -89

26 39
157 778
-77 -539
6 -19
4 -8
-29 -26

2 0
3 5
-1 5
-3 5
1 5
-2 0

58 -23
-21 10
30 -49
-12 -88
-49 -16
-77 -42

1 0
2 -2
14 5
11 11
10 13
-4 10

3 -12
-15 6
16 95
259 -151
-545 305
31 -19

-2 5
-375 -185
110 62
4 5
0 2
-3 -5

-2 -2
-2 -4
-1 -2
5 2
2 0
-5 -4

915 -486
-298 156
10 -7
-5 0
5 -3
4 -1

161 -386
9 1
7 6
-2 2
5 1
5 3

-193 -371
-403 -331
-466 -23
-157 -247
-67 123
155 345

-4 -4
5 4
-5 0
5 34
-6 -10
46 202

78 54
-50 44
50 32
53 57
-56 -6
-53 19

-67 -2
352 -10
-12 -3
-4 -2
5 -3
2 -5

-448 762
-309 526
12 -19
4 -3
-1 3
3 -2

-58 150
-56 224
129 -188
-305 -502
76 680
-138 -22

-82 -89
-607 -821
561 803
-39 41
-100 -53
-50 63

-25 -10
42 36
-1 6
2 -24
-13 -46
13 -10

-663 675
-715 -405
-746 580
-127 440
-891 555
-387 590

-22 15
0 -17
34 -19
4 -7
46 11
-36 -49

22 -52
-21 93
39 -67
-65 -2
-10 3
-44 33

-51 45
-10 0
87 51
46 96
-92 90
-5 47

-4 4
17 1
-15 1
-19 -3
16 -16
18 -14

50 42
-12 -47
-18 -48
-6 -46
44 41
0 -45

-25 -19
47 19
31 -20
-23 34
-7 -42
-37 -37

-2 -12
-7 16
-5 -7
8 -9
9 9
11 -14

37 564
-590 118
391 -26
-730 257
234 543
829 172

222 757
121 416
0 8
-4 -5
4 -4
-1 2

-4 -320
3 14
-9 -555
4 -4
4 1
-1 -2

5 -4
-5 4
5 -3
0 1
5 -2
0 -1

-246 572
-126 377
915 416
798 728
772 493
-125 373

-35 -104
-39 -39
-47 -91
-7 -60
98 52
-6 -52

-28 -62
-38 -28
-13 -41
-416 -733
180 351
-12 3

313 -41
331 -163
388 424
-195 -329
-439 -484
-371 -369

4 -17
42 -99
48 -81
-891 462
107 -128
427 -316

449 188
244 108
-433 -120
875 354
191 -13
715 279

36 -34
-22 -11
-8 30
8 19
-44 21
10 -33

-71 -85
-89 15
-18 41
-41 -94
-57 100
-9 -9

18 13
-57 -179
304 749
-21 1
-9 4
-5 -19

2 -5
-3 0
4 5
12 -6
-5 14
-8 14

-2 15
11 -9
0 9
7 3
5 9
2 3

-18 -51
-22 49
-52 -4
93 -52
10 -94
-23 -72

-1 2
0 4
-2 -1
-4 -4
-4 -5
-3 -3

-202 -879
-879 -116
-658 185
819 412
-404 -21
843 116

-988 -124
147 234
-163 -10
60 -120
714 252
514 392

4 2
-2 -2
2 4
-4 0
0 -4
3 -2

16 -9
-16 5
-3 6
0 -2
-6 14
-19 13

94 -39
138 -58
-19 10
-4 4
-3 4
-1 -5

126 989
-176 127
-3 -124
-378 -853
18 962
-66 9

2 4
-15 -12
-19 -9
-2 -16
-2 7
-7 -2

43 50
62 44
36 46
-649 253
607 -125
182 3

66 477
219 117
346 322
-289 -703
-315 -138
-416 -908

137 -996
157 -874
302 -831
386 -320
500 266
476 -5

695 947
250 -120
30 -624
255 -61
40 -506
131 -269

-13 -3
-53 -78
-7 56
-437 294
809 -304
-15 93

-29 7
1 4
11 -6
20 42
-38 -47
-570 -868

-9 -41
-75 74
45 -18
-87 28
-21 97
47 51

308 75
-311 -131
877 437
605 217
859 226
-955 -259

90 64
729 847
0 -47
75 44
-35 -93
-18 -76

3 2
-2 3
-3 2
4 3
0 5
5 4

101 663
691 -382
983 -427
188 745
169 -874
14 581

-7 17
-9 3
20 11
4 -13
13 16
-11 -18

-156 423
463 -268
232 137
349 129
-273 431
-313 304

150 646
24 50
82 323
30 10
12 18
22 23

-43 38
-23 31
0 10
16 34
47 -49
18 37

66 -92
22 70
10 85
15 -55
96 31
-15 -71

202 473
641 186
554 201
356 415
932 823
-782 -423

82 -40
-82 -28
54 -36
-76 -58
-25 -45
21 -27

-223 -243
-979 165
-976 -781
-459 632
-397 87
951 -247

17 12
-722 -632
313 270
2 -3
0 5
-4 2

2 -5
5 3
1 2
-10 -13
-339 -401
-596 -704

80 426
0 -7
-153 -836
-22 -1
-29 -2
-14 -10

-516 -80
-611 -705
-889 -221
124 -690
-842 -77
180 -953

-12 -12
-3 -15
-2 15
-20 8
1 1
-17 -6

-4 3
3 3
0 -4
436 194
-284 -155
15 -10

31 7
35 -13
31 95
-11 97
464 -957
102 -153

-5 -3
5 0
-1 1
-17 5
8 1
-549 89

-536 359
633 -413
-400 415
518 793
-251 -777
-115 -721

-28 -19
-27 -17
-1 -8
-266 -340
8 31
-741 -983

20 32
16 -4
7 36
35 46
3 0
1 -18

18 -52
19 -56
78 -36
-60 -60
-19 -64
4 -60

502 -503
-276 281
-16 19
2 0
5 -2
-2 4

55 114
81 96
37 146
79 -6
90 -47
71 70

-13 5
135 -18
366 -54
-1 2
-2 4
5 5

75 51
-7 -2
-71 -43
4 2
-4 -4
-1 2

11 14
-3 11
-5 10
-14 14
9 13
1 13

-13 -9
-4 15
-15 -6
11 5
-16 -12
5 4

-354 184
-230 -22
-344 61
-97 -329
-483 403
-269 -37

108 492
-29 -58
69 -36
56 -212
-784 811
-66 -124

0 -5
1 0
0 0
1 3
0 -3
1 -2

32 246
163 -103
-141 754
87 -40
96 -100
-25 21

-4 -1
-1 5
1 -3
-5 -3
4 3
4 -1

406 508
488 641
262 -276
324 34
348 -166
503 423

128 -132
383 218
429 182
244 52
53 -458
333 422

-305 689
-15 -611
-303 520
-61 -294
-243 70
-183 -305

106 -506
446 -707
-114 -343
-454 8
-190 -26
-342 36

200 -211
-416 107
-911 701
-401 89
-450 569
143 -985

-454 66
45 -183
310 22
-428 483
-189 271
-374 -269

-697 -522
-790 -809
-469 648
-829 703
-799 96
-871 107

-381 -489
-36 241
-156 -6
-21 40
19 87
-36 82

-124 965
962 797
345 -209
600 853
744 57
-741 -41

-13 31
-78 -9
-79 51
82 44
22 -99
2 -81

-419 116
211 -188
-51 -304
-982 -922
-302 112
310 818

27 406
-165 89
-25 250
88 996
57 89
51 -521

-40 101
-9 3
-4 -11
-5 -5
5 1
-1 3

-6 3
4 -4
-8 10
0 -4
-4 10
-4 -4

-493 228
668 -674
-267 -8
319 -940
-228 -878
921 -880

-15 -721
-674 -581
-294 84
883 153
774 796
-13 930

58 239
7 15
-8 -377
-187 498
63 379
-165 421

-49 76
-96 95
-91 82
-11 3
-99 -9
-56 -9

617 346
370 -15
786 285
-457 -116
201 38
-387 16

-380 -758
-114 -986
951 -743
440 -956
640 -658
-481 -791

-10 25
-26 -1
-17 8
-82 9
408 73
-27 16

-1 2
-5 5
3 4
898 -456
-11 10
-444 232

-8 7
21 23
-3 -3
90 0
4 39
-24 56

-115 318
552 -600
721 -782
368 -674
316 -726
91 -302

110 407
221 59
89 158
-451 -143
-487 -116
362 218

624 -97
-508 711
276 319
-820 625
622 -635
270 -459

-17 13
-27 22
18 16
58 -16
517 -222
-191 95

-615 -305
-769 418
-881 42
-807 503
653 -397
317 -285

593 252
21 -48
-974 -582
-39 -84
23 28
33 -66

-4 4
-1 3
-1 2
-22 -61
192 598
3 16

14 25
-46 -67
49 -46
64 -23
84 53
-21 28

5 -28
-15 -3
-1 1
-176 -865
-193 -944
13 -12

22 39
8 -73
-29 -19
-13 4
84 80
77 24

1 -3
3 -5
-3 -1
3 2
-1 -3
-1 -2

55 -88
44 13
4 67
-45 47
-16 94
-34 -54

71 43
-523 -332
14 7
1 2
4 -3
4 0

-10 14
-12 10
-2 10
-14 11
-10 4
2 -7

54 -127
24 -157
-464 -106
-88 -115
-492 251
-311 47

38 17
32 39
29 38
23 60
14 81
44 3

-430 -81
-464 411
60 -553
-481 657
26 -61
-954 883

-13 1
14 -11
2 13
19 0
-20 -20
13 -16

-287 518
261 -542
337 -236
356 -149
-490 -91
160 -429

697 242
-472 448
-55 367
-245 401
63 354
-6 336

-61 -80
99 -52
15 -52
30 -31
-57 -10
63 -66

75 38
-23 -18
-81 -100
81 74
48 9
18 95

-7 0
9 -20
9 1
-10 2
20 -4
11 9

-66 -51
89 -16
-4 -23
-66 -33
27 -13
-97 -63

659 839
626 370
-2 570
-241 683
-96 -64
-602 466

13 8
5 6
5 1
-11 -8
-3 -6
-3 -1

-2 8
14 3
15 -12
7 14
-1 -7
-8 4

24 -53
-221 970
-55 274
5 -20
-13 -24
-22 13

732 -109
388 -154
-948 -285
-259 -315
-33 483
-13 487

-38 43
-46 -27
-31 36
-6 11
-24 -23
-3 47

4 -8
-14 14
-14 0
4 -2
13 11
-5 13

13 7
-1 -17
14 8
15 -4
14 -6
13 2

386 -333
71 -36
-835 908
-139 162
82 269
-205 258

13 -47
-7 20
-152 506
-3 5
-2 -1
-2 4

-44 -2
-100 76
-9 56
166 -43
173 -36
-620 25

-23 15
43 27
36 2
-34 13
-5 -45
2 -5

280 -170
961 -196
834 -483
-147 430
407 117
-274 143

76 -120
275 -560
-14 -167
-355 -889
834 -812
-445 -936

22 -37
24 -13
-88 -17
-48 41
-88 -55
-78 36

-139 32
193 307
321 492
-199 105
-169 287
-424 -386

41 -29
-23 -20
-77 -47
-83 -109
157 -48
-17 -83

7 -6
-3 -4
11 1
1 3
12 -7
0 11

-957 -624
-263 164
662 289
-140 -745
703 -14
-443 -246

-16 -46
12 -4
38 47
20 20
30 29
44 8

-7 9
15 -6
-14 7
0 11
-6 -12
1 -10

-5 5
1 -1
3 1
-163 303
8 -18
-99 183

-41 27
-54 30
-73 95
50 6
83 59
96 56

-10 -1
-13 -14
-5 9
5 8
15 -7
0 12

-18 -2
3 8
-538 -250
-5 4
-2 5
-3 2

-184 206
41 116
-41 -57
-210 -23
-622 174
-627 64

-287 322
997 906
-250 321
-423 171
260 572
639 761

7 1
15 1
5 16
-12 16
-6 16
10 -4

-326 -653
971 77
861 16
-457 -414
4 -470
732 -561

-132 918
15 988
741 20
488 -143
250 -3
742 519

-108 85
-493 119
62 61
19 -87
43 -91
62 50

6 8
28 -19
15 -1
95 9
-990 -60
0 3

-100 68
-34 -53
-12 -42
-105 93
-97 97
-706 216

-47 -33
-45 -12
-45 -46
-10 -44
-50 29
-14 -35

40 -54
28 -16
-11 34
1 -4
67 -66
-38 46

-3 0
5 0
2 1
0 -1
-5 -2
-2 -3

820 407
-275 -983
946 880
-614 465
-459 140
229 909

1 3
1 -5
3 4
0 1
2 5
3 -1

-40 -16
-963 -700
-719 -518
22 -4
-1 -16
-19 22

-25 9
30 -3
2 29
15 21
-828 373
-947 421

-172 214
-556 206
148 957
-796 201
-692 -165
-236 949

-52 39
-30 -56
-46 -41
-64 -39
-99 -88
31 60

-42 -45
5 16
40 39
-44 21
6 -48
-10 -47

-8 -4
15 11
1 7
-3 -11
-6 5
-10 -13

-667 161
117 -515
-327 -52
-403 735
-223 -302
-299 485

-3 -2
3 0
-1 -1
-2 -10
-5 19
-4 10

-1 -18
6 15
12 17
-8 -5
-7 -20
3 14

-938 183
-803 193
516 312
375 299
343 260
420 264

-324 -20
401 43
348 -76
-365 -140
297 -442
-39 -414

-6 -8
-37 -37
-26 -40
-39 1
-15 -43
-28 -2

-50 34
6 -6
12 -10
-4 0
1 -4
0 0

25 68
-95 39
-21 -18
-72 82
76 -32
99 11

-4 -7
12 30
-6 -12
2 0
-1 -2
-1 -4

50 53
7 44
-39 61
-63 40
16 -34
24 -27

2 14
-10 14
3 0
9 -18
-15 18
5 -5

28 0
12 10
-57 61
125 -79
163 -108
557 -412

-5 -5
0 -1
-3 -4
-1 0
0 2
-4 -3

1 0
2 3
-3 3
731 618
-20 -12
-467 -387

-5 1
1 -4
5 2
-147 -712
9 18
167 757

-14 4
9 13
10 2
-2 3
0 -19
11 -9

32 45
79 33
17 57
-618 293
723 -207
-18 69

-21 60
-30 105
-32 22
-25 80
60 27
-44 82

-45 -24
-24 -45
-97 -89
-326 -653
-139 -112
-159 -183

-558 823
-454 775
-292 289
977 -974
23 -32
-202 235

426 -154
382 38
448 -85
437 -147
272 -87
206 -19

3 -5
0 1
-4 2
32 -122
2 7
1 12

262 -198
229 -181
-362 -3
371 -212
-330 -441
414 -192

36 15
-36 6
-50 -14
38 -3
-33 -21
-35 -3

2 -15
-13 -27
-15 1
-863 -87
-45 -3
-215 -21

-381 -80
447 558
411 740
114 198
210 486
-438 351

-60 -311
150 -229
340 109
420 193
485 192
-185 -650

-65 888
44 -176
106 -784
42 -100
52 -94
58 -60

1 -2
-4 4
-11 8
8 -6
-2 -5
10 -4

152 56
-272 109
-383 246
-801 897
86 353
608 -26

-347 63
386 -357
-180 -11
-41 213
395 115
126 139

-521 -549
-165 -398
651 425
-313 493
191 -247
684 -634

2 10
9 -28
-17 0
205 910
-33 46
-143 -350

-15 3
-14 12
8 -5
10 13
-9 14
4 2

153 66
187 185
438 30
204 -206
-440 -287
-39 -182

157 -16
4 -106
947 469
54 -36
77 79
94 29

545 916
686 -529
581 196
681 -825
519 -878
-201 -808

-14 -36
92 76
-40 -34
32 -27
874 471
674 349

-412 98
-149 67
57 273
-125 490
-485 16
81 593

-13 -11
7 3
4 -8
0 7
-14 15
-10 0

-52 92
-65 97
-46 83
-58 -41
-94 -90
29 75

24 -21
-564 314
-331 180
2 -21
-18 -12
-25 28

521 387
-203 757
420 477
400 92
134 -184
148 -65

-1 2
-3 -2
-4 2
17 64
2 22
-9 -8

-49 -43
-48 -30
-12 50
-19 -41
-3 -27
-17 -15

224 509
245 586
72 63
-9 -67
14 5
42 -9

6 14
66 -92
48 -60
23 -20
10 -26
25 -20

-91 10
65 -33
-75 11
-30 27
-79 -42
-82 -29

29 -11
-19 1
25 29
-39 -13
181 11
-777 -85

-327 122
401 -496
-233 -19
129 335
-545 -737
-618 -787

94 59
48 59
-12 71
-81 95
-84 83
-41 71

646 -250
612 -918
-962 -451
702 -468
-676 -224
-272 479

15 -21
-20 5
-30 -24
795 456
35 -31
640 355

-184 -91
344 -361
427 -478
-11 -370
91 224
17 179

-161 461
-175 453
455 -189
-39 316
179 -132
209 -258

-37 -26
30 -26
31 -71
-38 19
28 64
73 49

506 -371
231 -671
-181 436
-227 -133
552 198
-273 -702

471 163
882 993
164 -523
575 747
26 433
574 697

5 2
4 -4
-3 -5
-16 49
-3 16
-59 155

23 15
10 10
4 16
-674 454
-543 369
46 -14

50 -37
10 4
6 15
-44 49
42 -15
49 -17

-10 10
14 5
-6 7
4 6
10 8
-4 12

-9 33
-11 -34
4 48
-48 -12
2 -19
39 -41

84 -30
94 -21
46 -67
38 -84
54 -64
33 -92

-4 56
47 95
-99 -52
-55 17
10 -4
-48 -13

-69 -71
-5 -8
66 19
275 180
368 228
121 71

-43 -357
-159 -397
-49 -347
-175 -435
782 431
-86 -353

3 3
4 3
-1 5
0 5
2 4
2 3

-692 -129
-931 456
263 264
-95 -225
-573 945
-453 -714

-162 -643
-572 399
-276 -633
702 505
-204 -945
220 -393

17 -17
-22 9
-26 -27
-93 -14
-290 91
-58 -25

169 479
-51 21
-176 -238
14 15
-13 -3
-1 -5

5 -11
7 -6
19 15
0 4
-4 2
-15 1

-774 165
-702 117
124 776
884 510
-721 257
-913 281

-427 -481
-940 452
-584 -244
99 -712
115 -678
-767 -996

-540 -490
-908 -782
-735 24
567 -123
75 347
943 18

-943 151
-487 -466
743 -797
287 -180
-556 294
75 -782

-270 329
-9 267
315 159
207 165
-243 465
27 267

-35 39
-19 -31
45 25
-43 2
37 36
21 -38

-2 4
4 0
-1 -5
-251 -266
19 18
-81 -87

31 18
373 683
-274 -575
29 10
-6 6
-2 7

-980 397
-92 -17
137 -124
7 -44
49 -65
87 -89

-288 -88
-333 -251
-391 -267
-455 -93
482 275
796 389

-9 7
7 4
-11 10
-12 6
-4 4
5 7

-2 -15
-19 -20
12 -13
16 -9
0 -19
6 -13

2 63
-72 -92
-46 -40
8 82
-45 -31
-19 21

-100 46
59 -53
-97 20
-47 13
56 -27
-94 -6

-210 -78
260 184
84 114
154 -50
206 -46
-29 190

-56 138
656 128
-402 473
401 344
-783 164
312 529

27 3
18 5
-7 -19
-49 7
217 -202
35 -60

907 -874
872 -974
-839 484
-3 194
172 -258
-568 384

358 11
-14 1
379 12
10 11
13 -14
4 7

-9 5
6 10
-18 1
12 11
12 6
15 -7

9 -8
-1 3
14 9
9 9
-6 -14
-6 1

15 13
6 3
-10 -4
20 -3
18 -16
11 -13

1 9
-8 -2
-8 12
3 -2
-7 5
1 12

-9 -11
6 11
0 5
-5 0
-11 -6
3 15

32 26
-47 69
-68 61
74 42
16 93
95 50

288 373
-188 -110
-152 -72
-32 25
-40 24
52 -52

48 -41
-16 -58
-49 -90
81 -9
-80 -75
17 -26

14 11
-6 -4
-20 -28
-408 985
-153 345
6 -53

-217 989
299 575
184 598
862 529
284 -531
869 480

-142 124
43 255
-311 -279
475 -425
-451 253
1000 -866

463 -160
335 183
119 57
688 626
-418 -620
-699 -855

8 10
11 3
12 0
15 -11
9 11
14 -7

32 5
44 18
2 30
17 -23
37 22
-9 -47

19 14
32 14
31 -40
30 -40
43 -40
-11 14

-997 255
-846 -225
103 -325
697 -22
59 174
71 -520

2 10
-1 -17
-4 9
-10 8
6 -7
-9 17

19 2
30 13
89 -61
45 -119
-196 255
56 -130

234 843
-585 -420
649 731
518 -223
791 198
-1000 -308

371 444
476 571
17 16
2 -3
5 3
2 3

-35 7
88 10
-13 30
-54 29
47 9
69 32

-3 4
-4 15
-14 -7
-73 -50
-40 -17
-18 1

966 -177
-7 33
-44 37
75 99
-41 -63
-32 -17

190 317
-91 -162
10 10
-4 -5
-2 2
5 3

-609 706
-951 434
-759 838
141 46
95 -200
395 -464

-15 994
251 -879
539 -498
680 57
-301 -377
755 -563

762 465
829 935
279 927
189 -653
410 -239
-101 -29

-347 204
34 393
852 785
-492 449
-504 71
-515 162

-298 584
38 929
-406 369
-54 194
128 4
260 -326

-459 -958
209 -878
966 -942
-754 -916
-164 -1000
799 -962

-77 -4
69 -1
16 -7
7 1
100 -2
78 -9

21 48
65 -7
-44 -59
-88 -4
77 -22
-99 -53

-10 3
13 -11
1 1
-7 -3
0 -13
8 -9

831 -274
-684 274
-23 36
-30 29
13 30
-6 -9

-660 -26
611 211
-992 98
-909 67
279 335
-280 10

-7 -4
15 6
10 3
-1 -2
13 6
-13 -10

184 344
806 -555
88 -88
-8 -520
661 -283
-772 -260

-33 27
-21 28
39 -1
27 -2
19 20
47 -6

23 127
-131 549
-158 655
54 -86
62 -28
-19 1

42 0
-190 24
-316 39
-14 0
-27 15
-7 27

84 432
-106 -318
-189 441
-325 58
368 112
-324 356

-13 -12
-55 -53
-719 -701
5 5
-2 -3
-3 -3

47 9
18 -98
49 26
54 37
47 3
25 -64

-10 -5
-8 -2
7 -14
9 -11
0 -13
6 -4

-196 -477
-460 -261
189 -414
853 -932
66 -631
123 -526

-5 -1
0 0
1 1
-58 -2
-10 0
-12 0

57 -14
-884 -702
187 82
47 -14
59 -54
55 34

7 9
-7 9
1 -5
-9 -12
-13 -5
15 -5

-3 19
-5 2
0 17
3 -1
5 -10
6 13

-924 210
-204 -265
540 -976
642 -658
-291 -70
-440 -146

610 -659
770 -754
-466 -18
-514 3
-484 -7
196 -245

-52 64
94 -84
3 32
48 -73
-25 1
-61 85

9 47
51 -37
66 23
-145 -883
-26 -106
-35 -133

-44 -159
-23 -24
-110 -588
-21 -5
-16 17
-14 6

3 10
-2 -5
2 4
-5 -3
-8 -6
0 7

3 -1
0 4
-4 0
-475 16
-933 32
-19 0

91 -372
-161 265
39 273
-109 -380
-309 -388
-286 260

484 -614
890 28
717 -440
-395 -254
-132 -227
-718 13

64 46
55 37
100 44
-659 -559
130 102
934 776

-1 -72
-46 93
-31 -67
-12 28
-73 59
54 -83

8 -41
-48 20
-8 39
24 -48
48 -22
-36 33

513 -588
141 -824
326 -770
701 -880
-77 144
528 -622

31 23
-18 -11
-179 -123
-4 -3
3 -3
-1 -5

40 -1
25 13
-2 20
-4 5
9 -26
-4 -16

77 -14
858 22
871 10
-675 -758
737 -598
269 -658

-2 1
-4 2
0 1
-1 2
-1 0
-2 2

-3 0
5 1
3 -2
-2 -4
2 2
-5 -3

-10 26
-17 8
-42 2
-40 12
42 14
43 19

49 7
50 -3
41 -30
17 -50
-19 -41
2 -43

-10 -38
-21 -11
7 -19
11 -44
-39 18
25 -48

-213 887
-195 851
255 -336
31 148
75 -117
189 -921

18 -482
-700 488
-519 469
741 -707
807 131
987 -37

-446 463
446 -297
405 -256
-59 275
-432 41
-63 287

11 -69
-18 58
52 -17
79 50
-45 -9
-72 -76

26 20
-20 -37
41 -16
-25 -25
-18 14
48 23

-18 58
-49 16
-43 22
-38 10
-38 -12
-41 48

-220 -841
12 739
-105 -56
-97 26
-89 38
-26 80

-17 24
4 38
48 -74
27 -88
47 -4
35 94

87 53
67 -22
-34 -9
-46 -54
-26 21
51 -82

-4 -12
61 -46
100 19
30 -57
44 68
-19 -98

-293 240
937 937
802 841
232 434
142 467
-473 426

-86 44
-97 88
245 -618
-85 64
65 95
87 51

-3 -5
-3 -1
5 -3
-889 511
-686 394
-16 8

-386 -89
-456 -56
190 -379
-368 -114
698 -567
442 -457

-277 -173
439 717
-817 -713
320 105
95 315
-226 197

24 -51
-38 -101
163 9
-47 -77
81 -59
58 -37

2 14
-5 15
-13 -9
-12 5
0 -3
-7 -13

866 57
-38 -11
-321 -32
-28 24
15 -5
9 -7

-663 299
780 -768
-193 -63
547 -744
791 978
729 626

-92 -235
-53 -5
-102 -285
-29 25
-12 15
-30 5

273 -56
-20 5
158 -32
-4 -2
-1 0
0 -5

6 33
13 -31
-4 -36
-45 18
-28 23
-21 -41

-1 -13
-12 6
-13 8
-15 15
-14 13
-2 -14

-4 3
-2 -2
0 -1
2 0
-2 4
-3 2

-58 635
735 -739
206 728
911 -677
-33 880
798 -953

-18 -11
-13 -18
13 -42
-91 23
-5 -23
-83 18

670 -419
-12 -22
632 -396
-29 10
23 6
17 18

-159 -768
482 -547
-175 -240
-211 948
466 -19
-195 420

-35 -63
77 77
-81 55
81 1
-53 90
-45 -62

-93 74
-39 70
-74 52
-28 28
19 76
3 36

-1 -5
62 186
-132 -403
-4 -4
3 -5
0 3

-24 -299
235 -174
-239 -471
209 -414
-42 -12
77 -273

36 9
42 6
29 45
0 -35
24 -50
37 -50

66 -94
100 28
74 -72
-19 -95
57 -76
33 -85

-7 8
-15 -12
-12 10
1 -1
-8 -9
-9 3

-14 40
-77 -426
-423 -268
223 344
-125 178
-448 -468

29 -26
-43 -32
25 -43
18 30
14 -38
32 -32

17 -6
-13 6
-5 38
-6 34
26 30
18 -2

92 -196
-183 827
-822 251
-41 955
731 380
864 -771

-30 49
-46 50
-14 -36
-14 6
-46 8
50 44

-7 34
-12 -60
13 30
176 34
-944 24
-686 28

-9 -19
23 19
-3 -21
-8 32
-37 62
226 -200

826 134
379 166
502 98
-152 107
274 481
193 472

-956 270
357 270
966 -359
-348 -359
-977 270
478 128

-930 492
223 -232
-275 44
674 -142
748 -268
620 -622

2 -4
-2 1
-4 -1
5 1
-4 4
5 -1

-451 -102
-719 -162
9 1
-3 -1
1 5
-3 -2

-702 51
697 -623
320 -677
-733 482
-869 88
133 567

-17 -6
327 210
214 139
0 5
-4 -2
-4 2

-406 -180
-511 933
-509 628
-474 -436
-311 -342
-276 -139

-11 -87
-93 49
99 1
198 181
242 569
132 103

568 332
725 -492
657 235
-331 36
-275 -55
54 448

-691 675
223 473
704 304
-91 748
181 515
-19 897

-412 81
16 -6
375 -79
4 -2
0 1
3 -4

-333 245
-115 897
-464 -719
-29 -200
-489 -216
-24 -471

-5 -96
-395 258
-313 -88
266 88
-241 254
-55 402

-29 -37
19 -19
19 30
-29 -28
-17 11
43 10

6 42
-18 34
-8 -2
-12 36
0 40
50 -22

-887 663
-192 -612
-200 -592
325 260
79 -161
93 -122

-443 234
939 510
-613 274
-788 -286
639 280
-199 -124

427 291
718 246
321 369
-943 891
656 348
782 294

51 -34
464 -259
-725 389
14 -16
1 29
11 2

-15 34
4 -12
12 -13
1 32
-4 -11
-7 33

586 -153
942 676
960 622
68 -496
-40 -466
173 -209

10 -20
-37 -28
-3 -12
-43 -12
-11 -44
-23 -17

-1 3
3 -1
4 5
-2 -3
0 -5
5 4

-113 119
-5 -15
76 -115
1 -3
4 5
-5 -1

-470 -297
349 -353
-315 -306
426 -353
295 -471
305 -452

38 219
5 224
548 159
-27 382
-18 289
-8 249

-8 -16
0 -3
20 3
10 0
-2 7
6 20

-16 13
-39 -41
-6 -17
17 37
-43 -29
-28 -33

1 4
3 5
0 -2
-19 5
718 -50
21 2

-169 498
586 -784
-109 241
346 244
741 504
-858 -845

3 2
1 5
5 1
5 4
3 4
1 2

-81 -63
-513 -282
6 -20
-6 -4
-17 21
21 -22

972 639
230 -906
455 -112
-744 604
-713 60
-226 -695

-137 -271
-7 -8
-265 -530
0 1
2 -1
-1 5

-51 -120
564 -530
361 -458
100 381
-234 -303
-242 -436

5 2
-2 -1
-3 5
138 179
11 8
165 215

-75 -7
32 -25
-14 -83
-52 22
-98 -36
9 -54

-34 -55
-5 -46
-29 -53
-99 -81
-94 -79
0 -44

-2 2
0 0
0 5
-1 -5
2 5
-2 -5

-312 -534
-405 -546
-138 770
-355 830
221 422
903 -268

130 -423
-145 -431
-445 -335
168 -471
314 -476
832 -691

18 -38
-1 14
-7 -40
43 -36
19 -29
-23 39

30 -66
91 -65
-24 -21
-240 997
466 -944
163 -107

-722 51
-19 3
-18 3
-2 -4
-1 3
5 -3

-2 -31
36 31
1 -3
33 3
4 25
-28 19

10 4
-130 -38
14 5
4 5
-4 -1
2 0

932 554
939 445
-192 -71
-753 608
-36 -486
-597 193

-11 -1
-6 20
-9 -17
-19 2
19 3
11 6

-38 74
5 -18
37 -87
3 -2
0 -3
1 5

-692 493
109 26
-758 526
-469 315
-248 194
170 -15

59 197
-141 480
410 -311
460 185
14 204
415 192

12 -9
-216 135
17 -12
-5 0
4 3
-5 4

35 -395
334 -511
-286 -207
-275 -211
-286 -153
92 -421

-2 -2
4 1
4 -4
-1 -4
-5 2
-2 5

-37 -45
-32 -4
-34 -15
-34 -32
1 29
-37 -38

3 -1
1 -2
5 -4
-3 4
-5 4
2 0

2 4
-5 -3
0 3
-4 -1
-1 -2
-2 -4

9 9
-13 -6
-49 21
-14 -42
-43 48
-44 12

-13 -8
15 4
12 7
-2 1
4 -5
-6 -15

-4 3
-4 4
2 5
7 17
101 224
-399 -877

38 131
918 -869
-220 551
418 -489
409 -210
-17 596

-23 10
-41 -6
37 33
5 -11
-9 -9
47 22

-902 239
343 524
-270 231
136 -419
960 661
784 661

45 69
-63 -87
80 100
58 68
-96 -158
80 114

367 -247
-87 283
325 -250
316 -550
186 -396
-211 256

19 -28
-30 10
-3 -14
-47 4
151 18
91 13

28 34
36 -2
49 -43
-7 17
5 36
-3 35

37 34
43 41
541 615
19 18
21 3
21 24

781 -776
-238 -487
359 -694
-293 -722
921 788
657 428

-185 176
-415 418
-12 -2
2 -2
-25 -19
-8 26

-28 -72
-87 -180
12 1
0 -2
3 0
5 -3

459 -388
755 363
683 401
-510 11
-13 -628
66 -861

-5 1
-2 -5
-1 3
-9 -16
9 -4
224 141

-13 -13
9 15
-5 -11
5 14
6 3
-10 -1

-915 -821
320 244
-277 -275
592 594
319 219
-572 -986

5 11
-23 47
-17 -5
35 30
39 -46
21 -14

-1 -4
3 5
4 -3
519 231
-5 -2
888 395

176 -434
45 -772
674 -4
412 -680
-270 980
-152 857

-372 380
456 74
144 509
-113 -681
-296 -114
319 -573

7 -328
-273 -485
-84 37
-367 400
371 61
-154 460

14 -2
4 -3
-4 -2
-11 -2
-8 -7
-14 -3

30 32
-11 21
20 43
-21 32
28 21
-19 43

-117 24
-860 478
-137 -704
-880 -250
-97 752
405 692

2 -69
84 -50
46 -67
-35 -43
-958 93
503 -123

5 -82
77 -87
-7 -86
-51 -91
-63 -66
-99 -20

73 45
62 20
15 57
21 9
-29 -43
-38 -84

955 919
553 636
-559 -168
320 500
199 321
279 369

-72 -41
391 963
-179 -269
-57 65
-45 -17
-61 -63

-376 344
284 168
72 70
-188 -247
-340 -76
-100 325

12 -220
-388 453
-367 268
328 -153
-30 150
-51 335

515 848
143 569
19 319
-397 321
-772 393
-65 413

-65 -197
18 86
115 403
1 19
-34 -81
4 -5

5 -4
-2 3
-4 4
-3 2
1 -1
2 0

-5 -4
-2 1
1 2
0 0
3 -4
-3 0

-134 -203
751 -602
-106 -204
324 -452
-478 27
-269 -85

-377 101
196 30
21 -214
-504 -946
-727 -387
-329 -702

151 279
57 270
889 486
-127 277
49 381
201 398

25 12
-14 16
-18 8
-417 -696
-53 0
-86 -64

-4 47
-81 96
-33 39
878 -907
-845 811
-93 60

-99 27
-63 -13
-23 -43
-94 -13
81 -23
29 -23

-618 -667
586 595
-31 -66
35 -73
92 23
-55 77

-4 -1
-5 3
3 5
7 -7
11 167
6 -42

74 93
-41 -28
95 37
-876 422
94 81
-817 392

-12 4
-14 4
12 -11
13 -11
-3 -1
2 -6

-832 729
288 489
-618 666
102 66
667 -453
372 -216

-94 -105
258 62
-336 -17
-773 512
402 -398
-599 438

-3 0
4 -4
-2 2
-4 1
2 -5
-1 1

-316 896
-202 744
-240 822
596 -508
444 -86
406 40

1 -5
1 -4
-5 -2
2 -2
5 -2
-2 -4

880 886
144 150
241 257
-18 -94
62 -14
27 43

445 74
305 -159
429 52
529 149
401 54
-759 -812

-196 274
28 -38
-13 19
-1 -3
4 -5
1 1

-87 2
42 91
32 33
12 -83
-77 60
22 -25

-14 -59
-77 64
-81 66
-25 -619
-92 -38
-133 323

23 -47
-20 -28
-43 -25
-31 -6
-33 -44
-40 -23

459 -477
117 -123
145 101
-144 55
579 -959
-332 199

-687 -699
-54 -199
-756 296
-153 766
666 724
-858 -9

-5 3
-2 -3
-2 -5
-4 5
-4 -1
-5 -1

-40 -20
-16 -46
-2 -21
-13 11
39 35
27 48

-100 0
-82 -57
-82 -16
278 17
926 142
44 -27

-633 20
-278 525
112 863
318 969
-371 118
19 488

-23 -99
-39 18
7 21
-82 -170
-9 188
60 452

-6 40
-25 -6
-20 42
-11 -8
36 34
50 32

-5 8
-2 -6
4 -15
-20 8
12 11
-7 11

-494 594
-167 471
110 311
202 79
190 -182
153 534

72 76
51 47
-49 51
78 31
-35 -54
7 4

-60 34
17 56
-56 30
-719 -454
-41 52
4 85

23 -19
-11 -8
21 -13
34 96
-122 -34
-31 43

154 -472
262 425
416 411
806 -509
-538 625
-147 399

4 -4
0 -1
0 5
0 2
-1 -4
4 2

3 18
-40 32
-7 16
-5 39
5 41
-32 11

-75 -89
-22 -85
-39 -95
92 50
-46 -4
6 13

566 241
324 263
-695 -643
211 121
-469 -569
782 345

-5 4
3 -3
0 1
13 -13
-32 34
-240 251

12 27
3 28
22 20
45 -12
-69 89
76 -39

-1 -17
-17 -28
19 11
4 -10
-7 -14
24 18

8 -13
15 -13
-21 5
144 -169
752 -894
-42 53

-16 -406
-725 -765
-82 -682
-30 -700
834 -326
483 -677

11 -13
13 -11
-12 8
10 -14
-7 -9
-3 -5

11 -21
17 -37
-25 19
42 41
39 35
-28 13

260 140
399 338
-162 528
381 436
-391 820
31 432

-868 531
-672 905
-553 -870
539 -121
938 -27
-469 625

-252 -241
-49 5
-443 63
260 -224
277 -387
-437 65

507 154
-201 -308
327 94
-66 -143
-885 -517
-39 -81

-913 521
-317 445
-728 501
169 378
168 373
-379 -222

-488 197
-408 -68
-8 -151
-436 -63
-861 -8
26 111

-39 475
-146 44
-144 202
-2 533
-774 -863
-559 -495

2 -10
3 15
9 -15
-5 -5
10 10
15 3

-13 11
63 -27
-17 -66
-9 -70
29 -89
21 73

-980 730
-236 -65
-421 -40
9 120
43 -149
-482 226

-106 -225
-884 -949
-728 -689
155 297
237 121
-183 -67

-14 -23
554 -615
4 -47
29 -27
-27 -19
9 29

-488 108
-376 381
-282 -35
-60 -139
-43 225
164 407

48 -19
56 -13
92 -67
-56 -97
72 -82
64 -88

-19 -12
-29 -27
29 -38
-34 4
24 14
13 29

-8 8
-4 78
-22 -52
36 -73
-97 23
56 -93

-82 -247
-74 -225
70 38
36 51
-485 218
-117 98

-32 98
-38 15
-77 -84
-31 -35
-84 -34
68 13

327 -34
850 806
355 -4
-508 -607
-542 -661
-346 -580

7 -235
466 207
-715 -558
-461 277
-868 460
-517 722

166 215
10 -159
456 425
98 479
-897 -111
115 413

810 -238
764 156
-898 508
-611 598
416 519
-609 -24

-541 864
495 -639
-425 761
-132 292
281 198
157 390

-49 -626
6 -877
-170 -183
91 0
-71 62
-29 83

-35 -20
772 738
-406 -369
1 4
6 -26
11 29

-245 625
153 -245
-326 -446
-175 784
234 826
83 -404

-160 876
-463 -538
-516 64
-367 -657
-568 -650
-185 617

23 6
35 -28
21 5
-21 -16
-23 -17
37 -27

-20 -9
7 -15
16 -48
40 19
28 32
31 -41

-361 101
929 134
11 469
278 -510
46 918
-291 999

82 -71
-10 27
-46 -3
94 -71
915 567
-410 -455

-729 366
971 -841
-89 -66
-401 248
57 -70
329 -342

5 7
13 10
-1 3
-11 1
7 6
15 9

-568 -540
678 672
-244 271
379 877
55 66
653 -344

372 182
-902 -609
-64 -95
-34 -26
-44 70
53 -59

-37 45
4 -87
10 -71
-46 21
34 -7
40 9

196 -179
164 -155
-34 70
-82 -16
81 -21
49 -5

508 408
-126 -68
783 617
-61 -4
86 -12
-44 6

-93 -370
5 11
-240 -941
5 2
5 -5
-2 -4

39 -29
293 -133
785 -333
-11 -5
-10 27
0 -21

657 -496
695 -415
-421 -340
285 -471
300 -848
513 15

665 -189
13 -5
998 -283
-4 1
-2 -1
5 0

23 19
-12 10
-5 7
-18 33
678 -135
-17 33

99 -194
776 285
-732 -149
622 809
376 -209
22 68

439 -548
668 -120
285 254
514 682
897 308
-98 628

-308 -125
-971 -211
571 -15
100 -10
220 -54
-446 168

55 25
-20 56
-72 6
-98 -19
-49 -75
-53 39

-56 -11
-60 -94
-12 -1
94 -59
50 -69
76 19

89 57
64 31
95 -12
20 -90
42 -1
53 -42

-271 -164
17 10
733 443
13 8
-27 -12
-1 4

70 -15
-132 -63
312 -81
-339 423
-493 423
73 261

15 -9
-6 -3
13 -15
6 -13
3 1
-9 11

1 -3
2 -3
-5 -5
-2 -5
3 -2
-1 -4

-335 -776
317 714
12 17
4 -2
1 -1
-2 2

413 -153
60 158
-271 55
766 -464
570 -828
694 113

-24 21
10 5
18 11
-73 -552
10 -21
93 506

-100 -286
-338 -118
-56 470
703 206
39 910
834 -215

-496 156
-78 -251
-443 223
-63 -147
385 -346
370 -450

-853 49
-349 -119
176 606
-325 801
662 -514
95 701

5 -2
-3 2
-2 -1
-8 -7
-54 -110
-14 -20

-293 -804
735 326
219 -484
-23 -176
853 600
-329 -732

54 41
436 481
865 976
-4 7
-2 -29
-13 4

-21 15
14 8
-40 29
46 7
-31 25
-24 28

6 0
-5 38
-58 80
-125 98
969 -914
830 -784

-2 -2
0 1
0 2
-2 4
-3 5
4 -4

-93 -222
289 -308
-157 24
440 128
178 78
171 -261

50 -1
48 -19
41 -26
8 27
-9 0
7 32

-253 150
203 133
83 167
-83 211
-868 314
-671 271

-3 11
-633 654
-586 606
0 1
-1 5
5 0

16 -841
-105 856
-467 -190
705 838
-415 -534
445 -142

-82 68
56 31
5 40
510 -475
59 39
-617 808

-697 311
-771 320
-231 -350
149 752
-716 -359
-921 -674

-433 -321
-202 -297
11 -329
-25 -441
428 -421
437 -393

-47 92
-47 -48
9 -16
169 80
-861 540
-11 168

34 -63
15 -90
-15 -74
-71 -7
53 -36
-41 -23

-1 3
-4 -12
-18 10
11 -6
5 -13
-19 5

-10 -7
0 6
8 -6
-10 9
6 -7
-14 -1

-114 -103
59 94
6 33
-10 -17
3 -3
8 11

711 380
-410 -304
-300 460
359 -9
-123 568
-827 -210

-57 23
-55 56
39 -95
76 90
20 17
-32 10

-4 15
5 -5
12 -11
9 10
-10 14
-3 8

76 -7
53 -371
41 -651
78 -70
50 91
42 63

-9 2
7 12
-13 7
2 2
-4 12
11 7

223 607
75 180
333 913
-13 -88
-1 -62
-80 -93

560 163
-465 -590
700 272
-135 -243
-368 -493
152 92

-321 693
-153 -752
491 -757
-261 684
785 -137
-615 73

-4 -139
19 -51
-44 -31
-43 -89
-27 26
33 82

439 394
299 176
-57 -161
290 488
-416 -394
77 265

-4 -1
1 -17
0 -19
-16 -12
3 0
-15 -10

-9 -45
14 26
21 30
39 -33
-10 -34
26 -25

-365 -331
334 347
115 39
102 -203
309 -461
377 -223

162 491
93 282
-4 -12
0 -4
1 -1
4 -5

-25 21
16 -41
-17 14
6 -37
1 -35
38 -8

-653 -832
370 178
293 -124
-797 -483
-191 980
-115 782

-29 30
-11 -28
-6 30
-2 -28
-206 262
-27 1

-471 -378
-547 522
-699 478
-433 480
795 -204
727 -52

-1 3
2 1
4 -5
483 632
44 57
-14 -19

1 3
-9 2
-13 8
15 10
4 9
13 4

0 2
-2 0
1 2
-3 0
4 5
-4 -1

208 316
143 407
440 -145
214 292
388 883
-99 -822

9 -16
13 9
8 -8
18 -12
19 -20
11 -13

-321 -176
-505 -238
-655 467
-673 -640
-813 680
-869 215

-276 -111
-219 178
-523 -445
-79 -88
66 -30
166 371

-25 51
-46 9
-29 49
-503 -278
75 86
397 289

2 7
15 -6
7 -1
10 -1
-6 12
-9 12

-438 80
880 -878
383 -514
173 -363
-225 -89
25 -252

-308 -285
-81 -87
24 12
18 29
-23 12
-6 -22

21 25
-948 -886
687 651
-4 -2
0 22
4 13

-41 -30
-12 33
-45 26
-42 -16
-8 -23
-46 40

358 141
-8 -2
954 374
1 5
5 -2
-1 -4

-703 -723
35 -31
93 166
-366 95
-141 -380
55 -326

-246 -99
-17 -363
-437 441
-176 74
-278 311
-278 -407

25 93
31 78
84 -64
54 -8
78 -49
93 -77

348 172
-6 928
52 901
163 199
45 962
151 -14

184 -426
270 -487
306 246
452 -266
-338 236
-271 276

826 506
-746 -334
-784 -377
133 113
-539 -178
-911 -286

-19 -23
27 30
13 16
-237 100
15 2
-74 37

-44 -11
-86 3
-95 -39
-14 -69
-4 -49
248 644

7 -29
-56 -79
-1 39
-64 -11
-3 56
5 -12

-567 -575
-49 7
657 801
23 -13
2 -26
10 -2

-450 -80
-587 -237
-266 78
467 506
669 624
-622 -166

573 -510
-15 351
-541 975
-206 357
80 129
369 -402

25 10
-40 -41
36 20
-28 -22
-29 -31
-35 4

30 -74
52 -100
-13 -7
-89 99
41 -87
-35 19

-2 -4
0 4
2 0
3 -2
-5 2
-3 -2

104 -942
184 970
177 -849
91 399
237 585
51 -557

-28 22
32 -3
-21 22
41 3
48 -32
28 43

-365 397
485 -62
-129 160
480 -53
16 505
131 166

-10 -30
-7 14
-21 -44
-28 46
-28 12
-15 44

0 -15
-4 -1
-12 -9
11 14
15 0
7 -8

597 741
432 660
562 -167
231 205
-668 120
268 45

-362 127
-88 465
734 149
-289 54
460 495
-373 -482

27 5
-8 30
-12 29
42 -40
606 -789
561 -729

-69 65
2 -89
-96 -97
98 -93
-55 33
28 67

35 -137
-177 651
3 -18
0 4
-1 1
4 4

-16 -18
-158 -205
-57 -72
-2 4
0 3
3 1

-3 3
-1 1
3 5
13 595
-3 -18
13 596

12 -5
11 48
99 54
-163 -70
130 -188
-332 14

-51 -37
-94 -83
-56 -40
31 -8
-21 -19
26 -11

33 106
-247 470
296 -182
271 -419
282 -56
322 -108

-26 -1
-43 -39
-41 -36
8 50
-5 43
-7 40

16 37
-50 -32
-29 -6
-26 -15
-48 -38
15 40

-45 -37
-34 -36
35 -31
-24 -44
-31 -37
-23 -47

9 -78
-1 -35
95 -21
28 -53
46 83
75 65

-11 -79
-92 78
-20 -69
-69 -22
-100 5
-50 -58

19 -25
-9 11
1 30
-714 487
862 -525
-17 40

29 66
-25 -30
-9 76
51 -50
-27 44
-6 -35

897 -755
495 -657
-308 -310
33 -78
-5 -477
-65 493

83 -67
-43 67
73 -58
-54 -57
-17 -80
-74 -39

168 69
25 -144
335 354
-22 -69
-6 -21
89 -60

13 52
-353 -745
-430 -913
-26 -30
-10 25
-11 29

-46 43
-31 -38
-30 8
31 -13
26 14
3 -16

107 -378
3 54
-4 85
-15 12
-16 24
1 20

288 -85
222 -178
104 -217
67 -279
-703 -909
447 21

2 5
13 5
3 12
20 2
6 15
-1 16

-50 44
-34 -26
-36 -18
-44 17
-48 33
-30 -42

28 -25
33 27
93 -29
-54 47
8 39
30 91

-5 -1
-5 2
5 -3
3 65
-6 -9
6 93

-94 8
19 6
22 5
920 -157
-805 135
-126 20

3 -5
-2 5
0 -5
-4 5
5 -5
-1 5

-54 47
-7 -904
-93 822
-67 -82
-15 -64
-59 -92

-38 -41
6 43
18 28
38 3
-12 -4
14 33

-727 -772
36 29
519 535
43 96
-69 -73
-34 -13

89 -62
-35 -48
-49 38
75 24
34 -98
6 74

573 249
405 156
-407 -161
484 218
455 478
385 338

98 67
-92 99
41 48
-134 69
-640 -723
-115 88

-6 29
-20 -14
32 8
-32 18
18 -35
44 -24

920 -395
128 295
-297 465
183 -649
-102 -629
675 -127

-211 160
-68 757
-668 -553
386 365
-585 -87
-151 291

-23 -33
-10 42
1 -47
26 21
2 35
-11 -40

-356 -107
454 22
509 -28
289 -494
-212 7
354 -464

-1 14
5 -10
5 -8
0 12
2 0
-1 12

937 79
-481 -23
685 192
890 469
574 -865
843 859

421 147
820 769
-251 -893
904 797
848 759
-524 -118

5 -36
8 -18
40 25
-41 -14
-10 23
-7 41

-13 -30
16 39
59 68
52 88
-6 -50
-42 -99

-520 935
930 -701
-164 557
302 -30
500 116
396 -134

42 -35
42 -39
212 -284
15 -17
8 -30
-26 4

55 -74
91 -32
45 -83
-89 46
67 -80
13 -37

-87 62
79 -44
38 -52
-5 78
-46 70
-3 -60

-38 -41
19 0
-47 0
10 41
-21 -41
43 41

-722 -329
-655 644
-356 46
-757 -718
-406 -25
-562 610

-8 -44
-42 98
-58 -78
-148 48
977 267
-422 2

0 2
3 1
1 -2
-20 -13
715 454
-648 -412

-604 718
-747 -28
-604 149
-758 121
485 916
628 942

5 -3
1 -4
5 4
0 -2
5 -5
1 3

-948 6
567 612
172 590
-100 -328
-175 -46
495 182

-137 117
429 899
-285 767
-851 -15
503 574
-925 310

-590 -89
-179 -419
-970 -117
826 856
857 498
446 828

-831 612
-678 412
-534 190
-362 -320
-351 -219
-393 -135

373 638
605 -602
254 451
476 -647
321 -848
72 61

209 361
-137 -94
-573 -636
-31 -97
0 -3
-91 71

-70 618
-98 65
-114 821
362 -96
-230 674
-374 912

-30 -5
-39 24
-24 47
-35 23
-9 -37
3 -40

-3 20
-3 6
11 -19
8 5
-13 -2
0 -7

-256 259
-121 -132
158 -187
431 -256
-454 150
-160 130

24 -49
-1 38
4 3
44 -13
28 -33
14 -23

-910 -392
227 -407
-253 -451
212 -197
-439 -13
56 -65

51 -62
-83 -36
49 -51
169 -949
79 -631
-65 -138

-564 611
-24 25
-678 736
-20 16
27 -26
10 4

-63 502
-584 -157
-781 -396
137 139
-70 493
21 363

-325 138
-884 552
617 23
-708 -161
-289 314
-501 851

-680 709
702 281
-251 803
403 453
-727 854
413 172

82 26
-67 -3
-100 -9
75 25
12 13
-93 -8

-1 -9
1 -11
8 -12
-7 1
-13 9
2 -13

178 156
217 135
239 33
-248 290
205 131
-488 382

5 12
8 -2
11 4
-2 -2
-5 -8
4 -10

1 -3
4 0
-4 0
-55 -43
114 70
17 5

-71 -22
21 -98
-58 0
-23 -18
-81 19
-37 -61

434 19
-250 -148
468 -184
-414 -19
236 351
-380 -222

-564 638
548 -276
-196 357
-684 708
-932 919
916 -557

101 -27
99 -331
-69 26
-382 -247
771 -562
376 -499

-99 -25
90 72
-87 -29
50 152
-267 -449
454 924

-216 839
-328 -207
-395 392
-137 263
430 -209
-36 -63

-465 959
0 -11
-85 169
-26 -28
-22 19
4 12

-36 -38
26 27
23 25
5 6
16 49
-1 -11

-68 -35
756 417
691 382
13 -44
6 -54
-6 6

3 19
10 -16
-6 20
1 -20
-16 11
-11 20

369 314
262 86
-348 432
171 715
278 943
139 -999

-987 459
-238 23
-73 -180
-822 256
422 -789
587 -992

-458 744
146 -604
-252 128
57 -796
43 -296
249 -912

588 990
317 -170
-850 -218
924 573
-579 942
-17 -88

4 2
-3 -3
-5 3
-4 -16
-10 -318
-9 -259

-622 51
711 -825
178 -469
-29 -344
-89 -289
99 -334

59 78
-14 -10
-1 6
5 -2
-3 -2
-2 -5

428 785
-1 786
-389 429
-859 788
40 428
510 69

1 10
-5 9
14 -6
7 11
-4 -9
13 12

35 -39
74 45
44 28
31 0
-59 -51
78 6

4 12
11 11
-8 -4
-3 13
-15 -3
-11 -8

-3 22
-10 -23
-23 -26
18 55
-137 -508
-225 -824

68 202
-440 -497
-191 277
327 127
-181 -572
576 901

-49 -149
-90 -121
234 -254
-329 -77
422 -254
260 -211

4 -1
2 4
0 3
3 3
1 -1
5 1

-97 350
-427 398
441 182
39 319
145 68
195 229

493 -427
723 -359
413 743
747 -710
421 626
667 460

-731 51
937 -347
-133 -87
-432 -768
764 -438
994 -368

80 -51
17 -89
9 -78
25 -100
72 -40
64 -29

984 -435
-353 952
80 649
-836 -546
-594 986
-829 306

-2 -81
-395 -43
374 -103
52 -54
-37 -39
84 4

-4 73
30 26
50 -45
81 -11
-56 3
-83 -5

-1 -3
2 5
2 0
1 -2
4 4
-1 -1

-26 11
-34 5
-1 20
-9 14
-5 17
5 44

40 34
1 -24
39 25
-30 -10
5 12
6 21

32 4
96 -1
-66 -19
158 -200
-67 -7
167 -199

65 -27
-84 -49
43 -47
-19 29
0 -1
-68 -25

0 -1
-7 -5
-1 6
6 10
-14 -9
13 14

-1 5
1 0
5 -4
-199 -48
20 0
-874 -196

-1 1
-2 0
-4 0
-336 394
10 -14
-615 723

-20 5
35 -30
41 30
-17 -30
-30 48
30 -42

22 -40
2 50
-7 26
-22 -14
31 -16
-31 -38

-315 917
713 133
-486 879
696 119
-205 851
169 355

-282 38
-496 -282
219 878
-427 18
-375 402
-456 -570

-31 13
14 33
49 33
-27 11
30 15
-23 -1

11 -16
20 -14
-16 -9
16 1
11 -3
-7 6

-770 595
78 -131
89 -143
-1 -78
-47 -31
-65 35

-568 -770
213 224
-888 -980
-267 -590
779 562
559 467

6 -8
1 4
4 -10
10 13
12 15
12 -2

-6 10
60 35
-89 -10
-23 15
9 50
-72 -15

-5 3
-3 3
-2 0
92 172
-13 -14
-407 -712

-98 41
-38 -24
-9 -32
74 42
-65 -65
18 9

-815 839
-51 -27
-223 161
-29 -32
27 -4
-3 76

53 -259
301 33
62 -223
394 405
426 483
552 987

-66 -3
5 -18
114 -42
-3 -4
0 5
5 -3

-367 -196
-720 81
-657 -18
198 297
-243 -252
-405 -414

-1 4
5 1
3 -2
3 4
-4 1
-3 -2

-299 362
-276 146
969 -691
-230 -286
923 -259
946 -475

-52 -68
54 -5
-49 -94
-24 16
-76 -95
365 903

869 694
741 -249
957 75
-144 -853
-153 -658
663 -314

4 4
-19 -9
-14 -12
-5 -4
8 15
3 18

998 397
-430 -88
122 -28
90 268
-688 -428
593 484

-7 -11
-11 -5
6 1
0 -11
10 -5
14 10

0 -11
9 -2
5 -12
3 16
18 -11
10 7

76 23
53 26
58 39
769 -963
160 -65
513 -585

-5 -14
-4 5
-6 -9
-8 4
14 11
-2 7

-37 97
-43 97
-85 36
89 -86
-55 97
-9 36

186 -710
62 -174
244 -946
1 48
-47 33
33 96

-13 6
9 9
-7 -5
-5 13
15 -2
7 -9

-5 1
2 -1
-5 0
2 -2
2 -3
-5 2

-272 -32
-45 13
257 70
12 6
-18 -15
-19 6

-5 5
-30 -22
6 -4
15 -4
-67 -31
23 5

235 -220
127 87
-115 -119
140 497
-102 291
369 293

688 257
-466 163
-954 88
-970 -431
-442 -168
-420 -80

-196 271
-254 361
85 -188
33 19
45 -5
29 -84

-25 21
-21 28
-36 -43
-33 7
-38 43
-34 50

687 -104
906 -251
196 207
-153 449
202 447
816 455

-431 238
17 278
-31 -138
425 -116
249 280
37 -291

2 19
-37 -4
-11 11
-50 -8
15 26
28 33

-9 -1
-23 7
5 19
-151 -6
-39 -27
177 -64

44 33
50 -57
10 -18
83 9
47 -12
53 85

3 28
34 -28
16 -11
-17 14
-27 7
26 -4

4 4
3 -1
2 -5
3 -3
3 -4
4 5

-5 7
-15 -6
-9 -1
0 -7
-2 -5
-7 14

10 -14
-7 10
-17 -20
228 295
22 -2
-298 -467

4 1
3 2
-3 3
-223 -277
14 16
-185 -230

568 -574
-61 212
78 40
-26 -77
73 59
59 29

-827 -780
722 -290
782 -150
-1 -612
684 -857
-727 -626

-265 -12
39 3
19 2
0 0
3 1
5 3

-757 264
-659 239
-365 -79
143 -213
266 -312
-392 24

14 -15
0 11
13 -13
5 -7
11 -11
7 -8

-1 3
-5 -1
-3 -5
-5 -4
3 -2
3 -5

425 -420
-407 308
177 -195
-695 567
229 -268
393 -409

48 -36
486 -402
45 -35
-13 -1
27 -29
22 -9

2 18
-24 -28
18 -2
-487 -957
-6 -38
278 502

639 862
-721 -526
-553 -400
67 -191
-245 -388
355 189

34 -23
-388 238
5 -5
-5 1
-5 4
4 0

182 401
641 -67
391 32
-318 599
-568 698
-859 527

18 -11
-10 21
-2 14
-52 687
13 20
93 -800

1 45
-5 -4
6 5
-21 27
-32 18
39 32

-11 -59
94 24
29 -51
-49 -48
-45 52
-69 72

5 -7
-3 -8
2 14
-1 16
8 10
-19 9

441 -99
486 855
495 -687
165 -463
297 101
111 -103

-776 -681
541 -569
-333 -107
984 5
-339 -912
547 236

87 -85
-60 66
42 -52
50 -9
-42 53
-382 261

-4 14
-6 15
-3 8
-3 -4
-4 3
-3 -15

-902 986
455 -13
-131 332
485 134
-104 172
-477 -3

-365 344
233 -469
-454 598
529 831
376 374
312 -337

-88 -7
44 2
-83 -78
93 -66
-39 -75
88 5

181 -155
829 -737
-284 266
-2 6
67 25
40 -14

17 -16
10 -30
-34 -22
23 2
-40 -19
19 -10

-25 1
-23 1
-185 -103
17 14
-5 10
25 6

120 115
399 22
-279 -165
480 -356
324 -441
9 126

448 -326
-61 -85
-700 -80
-672 -293
-610 -105
128 -310

-236 477
-498 174
266 -142
-307 95
4 -445
457 -221

22 23
71 -6
-20 -22
-27 52
-69 7
-90 -97

926 702
15 7
-158 -125
0 1
2 -4
-1 -5

-932 613
-783 -31
-980 667
-101 206
-143 176
-929 159

-804 -209
36 -56
60 -57
94 -78
85 -41
-26 -86

-9 21
-20 -29
9 23
-38 -31
18 24
36 26

-5 2
-4 -4
-4 -1
-5 -1
3 2
4 2

-21 -36
70 25
86 -43
-33 15
10 81
56 -15

196 424
141 -125
-124 488
-684 -247
-28 -794
-348 -254

-533 463
459 -267
485 -442
-558 12
-673 191
-983 -671

-813 -649
755 -602
769 -186
633 -685
970 608
502 746

-64 79
-22 -61
-1 28
43 -48
-57 38
20 -95

14 24
34 74
21 -11
52 110
4 -133
34 -3

15 -5
-120 45
-185 69
5 2
0 0
0 2

462 400
517 649
452 -263
497 78
542 -336
497 -677

-1 -18
9 -11
49 -29
-22 -12
-23 -38
-5 -30

-65 36
-61 66
57 -63
53 -93
-77 -54
-81 -84

-34 -6
38 -5
46 18
-7 33
-35 4
17 -1

186 305
-662 -984
-7 13
-46 -80
-1 -8
-4 13

-182 14
455 26
403 39
542 281
-653 -49
913 376

-779 47
-620 761
-440 817
194 341
-81 75
195 -93

-1 -2
1 -1
0 -1
2 1
5 3
4 2

35 46
-49 61
22 96
-10 -89
-40 -90
5 45

12 -16
3 5
-1 18
-1 -4
5 3
-4 -2

-3 -3
3 5
4 4
40 -6
16 -4
-205 15

-13 -50
49 17
-60 -92
-45 -67
50 55
65 80

-11 -12
-3 24
19 3
-91 -311
-11 -54
149 472

3 -3
1 -3
-1 5
-5 5
-3 5
-3 -3

852 333
525 199
43 1
22 -6
8 -16
9 -4

-21 22
10 19
-7 -15
127 406
257 751
-16 18

146 -352
-711 20
216 -631
-781 299
6 206
-64 485

25 -451
365 -341
238 -210
-737 335
272 -199
-669 357

2 -5
3 -2
5 -4
-553 -374
-20 -17
-771 -520

0 10
-8 -25
3 38
-46 -17
42 -40
33 -39

-1 -12
15 15
4 -2
6 -3
1 -13
1 -8

19 6
-14 15
-9 30
-17 -27
-47 -222
3 121

2 15
-10 0
-10 -3
12 -10
-4 12
-2 7

25 -289
-381 -378
-268 -446
875 -482
-64 -439
-394 -464

10 49
16 74
56 -59
-53 81
3 -68
-35 1

-21 -5
-7 10
35 -39
16 38
6 -13
-10 37

432 703
124 -493
666 841
-743 -700
-399 -356
868 221

-28 -1
-14 -14
-76 64
34 -79
-98 64
48 -92

14 -14
-14 -14
10 -13
8 -13
10 -11
-8 -15

-13 10
-14 0
-8 -4
-1 2
0 12
-7 6

-21 7
-65 91
-3 64
41 -20
-90 -44
12 -56

144 37
30 -3
393 119
-9 3
25 20
25 2

8 -6
16 -16
28 -13
24 50
-16 392
32 -22

5 3
7 -12
8 11
10 -4
13 4
2 -5

836 444
580 218
253 -987
679 461
-532 -902
-689 -885

545 -916
851 -652
-562 226
-691 -95
-551 265
983 -374

-190 424
-100 214
-230 -216
-249 230
-186 268
576 -320

11 -2
5 -3
7 -11
14 -14
-5 12
13 -10

2 4
-2 -5
-1 -2
-274 97
15 -8
-596 214

181 399
231 114
146 12
166 59
136 230
261 495

0 3
-5 5
3 3
7 -3
-119 76
-521 328

889 357
279 -42
-371 -441
315 -88
341 279
299 300

-665 -751
-530 -704
539 463
294 72
674 510
-285 -313

-315 -311
303 335
448 498
-310 60
202 258
398 320

177 -380
259 254
297 514
164 -495
164 429
161 48

-393 -784
-242 -888
431 670
82 -909
604 753
755 649

-221 268
-679 500
-799 268
-403 664
-635 432
13 502

300 -313
217 -285
133 -266
74 -239
-349 -109
-176 -164

-321 -344
-129 -981
-195 -442
-662 -575
-36 -309
-580 -442

5 3
4 2
-5 -5
1 0
-1 -2
-4 -4

47 28
-40 31
-27 48
5 12
24 -41
34 11

-198 -228
56 24
-55 -84
29 -12
-6 3
23 6

-853 -979
20 -100
58 -66
46 -69
94 7
-8 -77

-288 -784
265 154
298 51
100 669
-816 864
67 772

4 70
-7 85
-35 20
25 -70
-255 435
432 -800

4 -5
-3 4
0 -3
158 294
4 2
-7 -19

-77 50
3 -82
-24 -43
-4 -39
61 -100
-23 -28

-820 33
482 487
423 561
-365 146
-533 -255
-223 -248

-111 937
-877 -478
-586 -129
-693 239
-770 -846
-866 -323

-191 16
-121 -378
1 274
-314 403
-480 257
130 229

7 2
-1 -15
14 12
13 5
-14 11
6 8

8 4
-25 81
6 4
-452 685
46 -49
15 -3

-4 2
-32 33
44 -17
11 11
14 -35
34 -23

7 -28
14 -40
31 -30
38 -42
-12 -15
50 -43

54 253
-124 1
755 -126
-149 913
214 950
-154 240

-149 -177
-75 -9
-334 -567
-72 61
-33 -3
-75 9

-335 -337
-45 -112
63 -412
103 54
949 301
-539 -265

-17 -28
5 -24
20 -22
-10 -23
37 -10
-16 -25

372 247
-384 -173
-235 -149
-72 -151
-717 722
-199 -48

-287 57
-344 -39
203 492
737 960
-779 -429
-226 63

2 -12
3 8
7 -5
-18 -9
-15 -11
9 4

-100 -123
-443 -22
476 -407
-352 110
-607 229
709 -539

-303 -89
805 -29
76 366
426 -484
595 481
-93 -599

21 -1
-1 -65
0 68
-44 -60
75 26
-55 -92

-396 202
427 -207
29 -9
-17 3
5 -7
20 -6

-583 701
393 126
512 11
135 132
84 399
331 -35

-319 120
407 -12
32 -147
-23 601
400 -317
322 201

70 26
-40 37
100 -10
-189 36
573 -156
58 -31

0 5
0 3
-4 5
-26 -58
8 20
48 112

866 646
19 15
717 535
-1 0
1 5
-3 -4

192 187
113 872
135 -594
-71 -48
-280 -509
352 403

47 -75
88 -53
-93 47
18 8
-64 -36
6 -97

-31 3
30 -10
25 -38
88 39
-19 -48
-6 -54

30 -8
19 18
19 -2
22 15
-14 25
-154 70

237 130
724 637
98 -945
-76 -661
63 414
550 921

14 4
-2 9
3 4
-13 9
-5 4
-10 14

278 488
-236 764
544 344
447 392
371 416
491 386

0 7
-1 12
-16 3
14 -20
19 -8
7 -20

93 -837
615 -873
430 -358
-528 -5
-887 629
-495 667

914 550
-91 -655
192 -914
-374 -396
512 68
836 -441

-24 6
5 9
20 11
659 -128
-15 19
870 -174

-302 83
-7 17
-290 79
23 7
-23 12
-19 20

4 3
2 -5
-3 1
-2 -14
-422 722
156 -291

291 511
310 -249
576 -272
-412 319
-146 296
139 -487

44 67
70 100
85 90
-128 -2
701 59
129 16

2 -4
5 -5
-4 1
-246 -827
62 184
9 10

-638 -207
-137 -133
-911 703
-76 -82
-789 -939
-97 -775

18 -3
-5 3
-18 14
-20 -15
0 6
15 13

10 20
-34 -48
-7 19
4 36
-37 -40
-43 -24

-11 -20
-5 6
-9 10
6 19
-6 -1
-2 -5

4 -2
5 -4
5 -5
-47 -14
14 0
1 -3

343 -501
915 -915
802 -977
-203 286
-379 392
-162 -206

12 -11
10 7
1 -22
-976 420
49 -40
-209 76

49 -91
25 52
-13 95
56 -41
-20 45
11 -48

-291 357
-165 -401
-472 177
441 -240
260 -420
134 338

-5 -17
4 4
7 20
1 15
-8 -6
-14 -11

30 -47
-47 -26
-10 29
-17 -83
0 10
-57 -7

18 88
-3 128
-297 780
32 50
74 -34
-15 98

83 -136
62 -122
311 -13
542 -174
-24 -87
339 -153

-104 -340
-180 -357
-407 -505
-308 -442
233 -121
392 -13

-20 0
-188 -30
-732 -127
2 -2
4 3
-2 0

-39 -3
-13 23
26 -5
-12 -43
1 37
14 -17

-58 44
-15 65
48 -26
44 41
-96 68
16 9

1 -4
12 6
-15 -9
-4 1
11 7
11 0

3 -3
2 -2
-1 3
8 -20
7 -17
-27 87

544 539
900 220
468 530
260 52
-44 -130
-112 -261

-34 -41
26 33
-25 -9
28 -43
-15 40
40 -37

475 813
623 -234
-327 -131
-475 916
-876 444
222 -706

2 0
-2 -5
4 5
14 -74
4 18
9 -27

-59 -11
178 287
4 71
-14 24
-2 -8
-29 9

-57 6
23 -10
-20 37
214 -493
121 92
190 -309

0 3
-4 -5
-3 1
-25 12
-135 90
3 -8

33 42
-10 -45
-1 -42
4 -4
0 31
-18 25

-5 12
-18 -2
-5 17
16 15
17 -7
20 -8

-2 3
-2 5
-5 2
28 -297
-60 597
-3 18

131 132
-203 -186
-969 -915
27 34
-44 -59
51 64

-44 -61
-56 48
-64 -84
-91 -69
1 -86
-71 -46

3 -2
-4 -2
-3 4
-5 4
5 -2
2 4

-701 -334
-703 -324
-271 576
-431 571
-210 775
-994 79

-77 -68
-13 -42
-19 -49
39 -30
-88 -93
90 -7

15 3
-4 2
-4 -3
-4 -8
15 8
15 13

-38 626
675 -443
-84 985
146 -810
514 -685
629 -84

2 0
-8 7
-15 13
5 -12
-12 12
1 -7

-2 -3
-1 1
-3 3
2 -2
4 -4
-4 -1

-195 -499
49 -60
181 149
56 52
55 -74
0 -52

685 660
18 15
-923 -895
4 0
3 -5
0 5

-14 -6
-6 6
-11 -15
-2 12
-8 12
13 -6

-83 2
-6 -72
-36 88
-11 22
39 92
49 -96

-6 3
14 -1
-3 -13
-5 5
13 -3
11 15

-907 -374
-670 -117
-451 -580
-627 -402
-901 -134
-622 199

-14 23
46 31
24 49
8 5
-41 -12
35 40

-351 -664
296 -140
545 48
422 -178
88 -376
357 -243

144 570
-379 -589
175 661
461 -187
74 -115
84 -147

-188 358
-250 -207
-263 -197
-3 -397
267 8
470 342

76 -29
52 -58
-38 -51
-14 -22
-76 96
50 -99

-399 -388
-769 449
441 336
-505 -17
19 897
547 -35

-4 -9
-3 -17
-12 20
-17 21
41 -150
10 -58

-136 -424
-340 -41
-433 -325
-292 57
-505 194
101 -635

-906 951
-585 778
332 69
274 -920
298 678
320 -730

314 50
152 -782
341 860
-944 202
-235 139
681 211

-36 -66
-54 -62
53 19
0 -74
35 23
18 -78

-335 -858
112 -510
-595 -646
-855 -434
-186 -742
372 -722

-16 23
24 -18
8 -5
-947 164
819 -154
-20 -3

3 5
-2 -14
4 1
5 10
14 13
0 4

-528 -374
-625 284
-413 88
-263 -619
-182 -213
341 921

-268 -89
-291 -166
-52 289
-116 -96
660 170
-105 -82

-5 1
2 -2
-1 3
-11 -10
-425 -725
-553 -946

-530 -820
-164 -632
896 317
126 326
-385 -341
492 514

-11 -6
-11 3
5 -2
-1 7
-11 13
5 -11

5 -11
-7 20
11 -19
2 -8
-13 2
17 -12

11 97
-34 -68
29 65
14 10
-39 77
64 30

30 -23
0 7
-11 -19
-42 2
-26 -19
-12 32

5 0
-20 -13
17 6
-118 -57
155 66
13 2

-423 875
235 -6
-161 526
301 -75
490 94
242 -134

-789 -960
-457 -628
508 145
814 689
525 342
767 412

-591 -429
335 243
41 30
1 41
-23 42
55 25

18 -5
44 -35
50 -14
-25 26
26 23
-4 39

-167 -168
498 364
493 349
-213 453
38 414
985 296

9 11
3 10
-11 8
-2 10
-12 8
9 12

-167 -557
-105 -268
132 881
-54 14
-71 -80
-38 -59

-792 -281
-221 22
651 -102
-505 563
-477 -1
76 825

2 1
3 -3
1 -5
-17 -11
-704 -427
-562 -341

4 0
-1 -1
-1 1
10 21
-4 -3
-10 -14

-4 1
-3 3
-4 0
-2 4
-1 5
-5 0

-14 -16
-15 -12
-23 4
-9 -56
109 -572
163 -808

-9 17
13 8
11 10
-2 -6
-5 11
-4 14

469 976
380 16
311 204
153 -568
449 -172
222 -756

46 47
-93 93
43 24
-194 -82
791 561
571 414

-8 -29
4 4
-8 -30
4 -1
-2 2
2 -2

15 -11
1 -17
2 -20
8 -20
5 -17
7 -3

-36 21
83 43
79 32
-32 32
91 65
95 76

85 6
-96 93
79 -36
-15 -17
-3 67
82 -15

-197 386
59 13
-167 251
-221 166
-403 -204
-603 -739

914 593
-168 -401
770 735
-389 522
-446 -371
-744 167

2 -1
-5 4
5 2
5 -1
2 5
-4 5

-22 40
-45 71
51 86
580 45
-165 14
-899 -21

-13 69
-34 -68
-36 67
10 71
-11 -66
33 73

-21 526
285 -198
26 -64
759 476
553 724
341 268

284 282
-472 -814
813 981
-452 -454
-184 -152
-282 -454

-29 -74
66 21
-23 24
69 70
-33 60
-77 -30

31 -93
34 -91
28 -85
30 -95
25 -100
68 -63

5 -4
-3 5
-3 4
0 5
5 3
1 3

-4 -1
34 -19
6 5
-48 27
-32 23
-22 -5

153 -133
278 -8
-275 -96
333 326
296 -484
240 -139

-9 444
27 372
82 -453
-761 141
571 555
23 404

1 -7
-9 11
-20 14
-18 -2
-12 -8
-6 14

1 3
2 0
1 -2
2 -2
3 -2
0 3

895 2
228 238
612 462
484 110
468 378
-428 384

97 -336
-400 341
-45 -113
168 151
-471 88
97 121

-3 2
1 -2
3 -2
-68 57
-19 16
176 -147

-117 457
339 1
157 307
-39 784
19 121
151 -413

53 -34
41 -16
31 67
59 -77
59 127
55 -207

-9 -3
-11 -3
-22 -7
2 -1
5 1
1 1

438 201
111 -487
276 -447
-63 761
-391 731
661 521

-653 945
567 -154
-134 448
230 238
439 315
-25 -28

177 -179
63 130
347 -69
473 -30
340 -31
-491 452

-714 657
82 552
-767 778
-184 -553
135 431
-131 -674

43 -733
-54 893
0 -12
5 3
-2 -1
-5 0

320 -893
-163 376
-408 -248
70 -538
-519 104
-135 725

-381 -285
326 637
-762 -642
-364 250
-55 280
635 667

-668 547
-896 -482
433 490
572 -558
800 471
-529 -501

0 29
29 -17
10 3
617 -668
-804 902
-20 36

-867 -976
-698 -781
46 83
-38 26
-46 -10
2 89

624 -764
702 314
741 464
869 -91
956 483
764 -435

-445 -311
-525 897
-64 910
590 850
-495 444
-612 -114

347 478
880 282
619 -746
713 -288
-500 -556
-418 -44

-4 3
5 -4
4 -1
-5 1
5 1
-2 3

-149 -21
-493 288
429 -560
766 -833
773 -869
315 513

7 0
-9 6
-10 15
-15 14
6 9
12 1

796 110
678 10
-210 -695
574 -45
-258 -911
739 120

35 49
-32 39
-96 31
79 60
22 49
-67 30

-49 28
-442 59
-725 81
28 -9
12 8
27 0
