49 240963910504620 302766656008026
47 40408211958142 120796137151895
45 22558285233871 27836153271675
43 7966298950388 7441269959957
10 154 851
28 89736193 235298976
14 9500 8156
38 10230893250 47133742791
14 10897 3822
56 4062157213594992 8522060447090414
49 91528400679330 21616962279761
23 1960649 5010036
19 119445 257786
13 3513 3758
12 1998 997
20 180766 12553
28 206543192 153339282
37 52350131098 70227807056
26 61770224 36591205
4 8 13
41 958023330561 1090881257010
32 3886537812 3275136021
52 2115220955083102 2530417290119006
26 27890690 8319974
1 1 1
56 49604234068631561 6395098454356528
38 222159512566 9981609523
7 92 109
18 108600 123268
44 12306236206500 17343505417131
17 89126 63545
29 453628815 264369870
5 12 7
11 1687 1350
51 756504732384912 1042325146830114
59 442905034973684356 502923548834946082
24 14984256 7900959
42 816706861021 2053152095787
42 3776447889127 935317624436
51 649285299723150 1512459487308644
8 36 62
8 73 110
31 562553906 1287593525
30 740559289 560372133
31 195172806 1125814206
28 169995649 145380406
1 1 1
33 3997981857 516932043
26 51310138 43731147
3 5 2
53 878030010594431 8828357813943686
51 1030718955297253 1816391034570441
43 583378781069 6743784053835
29 528718078 515915608
52 3010084680064620 558807423628675
52 4120057342730609 708650700856112
20 107934 964742
27 54689729 84929271
34 622140963 10664510556
43 577221070595 5642478400258
1 2 1
40 458919456909 311168149795
29 294045571 493687636
24 1879190 16545057
58 148701041505528171 263217852543752032
12 1724 3092
4 14 13
60 1138878158731009338 753681607001890601
21 1827984 615953
18 198911 207086
13 2232 235
3 4 2
19 353670 371065
18 169983 106507
32 1533198647 565731870
33 4270061459 6842097794
56 62409897925960942 58374156811820744
39 531282184728 511072484827
56 70182857522242512 6654180883052927
48 121161963373390 79225718429184
42 1784185246936 2271698260928
3 8 4
22 3852055 1414355
19 30408 429222
10 952 941
59 372291272723964523 533665185702478732
52 320748052519629 3593345961644398
23 7016562 7877870
11 731 63
23 6219651 4845846
1 2 2
23 1678144 4285565
23 6426308 6216382
40 703000855419 682403857633
47 4919535917823 68188552478419
26 21248743 49892350
41 413577833230 2129880824542
28 212470844 136818535
54 15864616074157385 1389768727877585
52 3801924618660377 2638263171145628
0 0 0
