614
27
24
1220049
36
890179
NONE
1845
29
715420
31
36
1231
NONE
1546
474
2000000
1933
23
1696716
717200
30
440629
384633
1731054
312
31
1760859
NONE
1380372
1682
30
400818
156
597325
1412
1401
NONE
NONE
1497
34
2
1888889
NONE
1728539
1155
1132310
28178
949727
1352
1783
1632932
832884
38
1520
36
29
74
30
161
785215
1171632
3594
1228
660516
40
1329
1430
998064
707512
1247
NONE
1194705
1733525
477
34
1295082
705525
515
24
37
544244
1000047
1155
403396
1778619
1580824
909988
NONE
686248
26
904858
212984
35
1322058
35
678
20
1489034
1410
20
1322709
1501120
NONE
1035374
689980
1959
1132743
34
915054
10
35
1324771
1466929
1489095
37
22
36
113680
30
1792753
12
NONE
701679
1225511
25
965593
1309282
571884
1711312
1585451
249
1458142
1234
302018
1294097
1328
1956731
NONE
32
209
1284617
619658
1730888
688406
982895
1155
1301111
1596
228
NONE
1258203
1640
459
1676
1056135
221443
1772374
1685
1616287
1512215
23
29
1774159
1626801
99
1211492
1351
22
NONE
462990
NONE
1684935
1603027
272
78340
819972
1274912
26
1385246
32
1411
1333384
472
105283
1175596
1152
34
1795
1221
693228
24
1679
936217
1381
1537803
1595
28
513
53
30
NONE
35
1598912
1422
1571
852841
34
780152
1651
NONE
1659210
1561061
NONE
1113127
NONE
NONE
718745
NONE
860498
391204
575903
1046278
1324056
2
1474
NONE
1833189
1494276
782381
1695888
903625
35
1672146
878583
1137631
175205
1033660
1799
408421
1462928
1267690
86
1828
1529
2000000
NONE
109960
29
544777
1190680
1533
1252647
NONE
34
601313
2
1445
1240
1369
344
1323
NONE
775809
NONE
1498
1247
933907
1712
1999974
1659
1370822
NONE
