6 8
42 22
-24 -86
136 523
60 67
82 160

17 15
-24 28
-14 -13
230 267
223 266
-39 7

-321 -679
-840 -316
-339 -851
61 -577
506 127
533 385

-1 5
2 2
-1 -5
-4 3
-4 -2
2 -3

36 -91
-78 59
2 -81
-11 37
-653 -140
-37 36

2 1
5 -2
2 -5
10 20
116 670
39 198

-4 -2
2 -4
3 -3
0 -2
-1 -4
-5 -4

-516 643
155 -149
-2 36
11 30
23 1
22 -14

-3 4
1 -4
0 5
5 3
1 3
-3 -4

1 3
0 1
-5 -2
-25 -8
6 4
-89 -33

-17 19
-12 18
-14 0
-13 9
5 -13
0 -12

-9 -117
-131 -205
472 57
-203 -378
-122 476
-180 -396

353 223
-9 1
-115 -64
-1 -4
-2 5
-1 -2

534 -683
822 -921
601 -214
486 -305
-641 304
164 3

-58 -133
147 154
2 -249
-278 343
722 -217
272 -6

-9 0
-14 -8
-11 6
-2 19
9 -12
-1 12

312 -731
-717 715
327 -551
-845 631
-856 763
805 -359

34 6
25 14
-34 13
-34 -24
-9 -1
13 0

-897 138
-262 736
836 -176
-751 901
18 -622
996 -952

-63 -81
-80 -55
207 -27
-61 16
-65 -70
32 31

0 -4
0 2
-5 -1
5 4
-5 -3
5 1

182 171
118 124
2 41
21 1
-10 16
-11 21

-2 20
-10 -2
-11 -9
-14 -12
14 -6
-15 -11

95 42
-80 17
53 33
200 -58
882 -247
-409 110

-6 11
94 -113
330 -406
-5 -4
-5 0
4 -5

-96 53
-46 -78
-92 -42
19 -37
-27 -1
84 4

-46 76
78 -49
84 -19
-130 -493
154 182
-124 -463

4 20
-10 -8
7 17
-8 -7
-5 -16
-18 -19

764 -518
-44 -861
-540 -796
-280 -456
268 -453
32 -48

-16 -12
-6 -24
22 -16
-849 777
-972 896
-7 -41

44 -56
13 70
71 70
43 -71
997 -170
875 -165

-120 -894
-529 256
-735 668
-405 558
503 839
279 845

48 -48
-40 90
48 24
92 17
-40 -34
4 31

-463 -293
-207 -143
-17 -29
22 10
10 -26
0 1

542 349
717 409
-941 353
355 590
161 628
420 115

-115 -94
-1 41
-59 -40
-29 -25
-3 14
-29 29

-24 -22
12 29
-6 28
90 194
-36 -16
-123 -168

1 -31
49 -41
23 -21
-49 -13
13 -37
6 -23

12 -42
69 24
92 -68
145 -28
306 87
-919 -830

-9 -13
27 20
4 22
-9 -16
799 -275
-502 141

-914 -978
805 900
146 177
1 90
-13 15
-94 -45

-19 7
17 12
14 10
-35 9
-27 8
22 9

-1 -18
-58 85
1 74
-467 -884
119 432
-10 133

315 -335
383 -439
470 -490
777 655
809 755
444 -560

-5 -4
27 28
-8 -22
158 -1
23 -16
-18 -17

78 64
47 49
95 -23
55 37
77 86
69 -66

594 409
550 386
258 -595
742 -342
698 -365
198 202

-457 -142
-255 247
-479 -147
337 321
367 348
921 595

-713 -274
-541 60
257 -75
-492 -266
834 -218
-893 -62

-11 -16
-15 1
-15 -15
-11 -4
10 -8
-6 -8

-184 -32
150 167
-981 -124
-439 -112
236 -37
241 153

-317 -294
-319 280
-336 -244
-399 -173
-42 25
-111 17

-542 371
-13 6
-800 549
-2 -1
-3 -3
0 -5

47 -78
-25 81
-37 28
-67 -78
17 28
5 81

8 -10
-2 68
88 70
-11 -73
-63 51
3 29

19 18
-9 -12
43 20
0 51
9 31
-35 55

-385 905
-143 918
-733 -10
-839 -912
-975 -23
-597 -899

322 -480
-627 699
-188 114
-302 197
-145 99
-319 447

-33 162
-305 -498
-132 58
-429 -254
153 -204
-398 -315

-43 417
-59 -295
-253 -143
-102 861
-527 992
963 202

-9 -8
-6 11
8 7
15 5
-2 -10
12 -14

53 75
-45 11
1 -20
51 33
-46 -10
-43 53

3 -16
22 7
14 24
734 -791
-143 200
23 13

108 628
-757 486
955 -610
139 870
595 -993
-237 -206

-53 99
49 -79
38 -18
-13 71
-41 -16
-1 -44

-163 -9
-637 92
-745 116
-49 -30
-88 22
-31 -42

-2 -2
-5 1
0 -5
204 97
83 39
-15 -8

948 248
803 170
-204 35
-69 46
-164 303
-382 272

-316 -212
-395 -213
-457 -41
-218 -335
-491 -62
-403 -100

25 68
12 19
-228 -887
2 2
5 -3
2 -4

-346 77
-390 -30
-512 -446
-305 -75
-280 -25
-182 381

3 -15
-1 2
-2 -7
-8 -8
15 -13
9 -14

-1 3
1 2
-1 2
-34 -28
-15 -10
-36 -30

-339 -794
350 -517
-401 -336
-285 596
-670 -585
-881 -368

22 -39
-901 641
119 -109
-69 61
-57 31
24 -59

-729 -91
-277 578
-953 -329
-530 262
-337 609
-466 158

492 -752
932 160
446 967
788 716
82 447
-42 -731

2 -15
2 -17
0 -19
15 41
15 37
14 38

-171 -503
105 61
-3 -161
73 -17
71 -5
88 73

-975 324
954 854
729 -148
-987 -737
-399 874
741 913

-839 -143
-107 169
408 615
178 -389
46 -290
746 441

325 -985
-31 27
13 -100
-24 -22
20 -30
-10 -9

-2 15
4 -13
6 9
9 -5
-7 7
2 12

174 -469
64 -194
-187 -399
108 146
-453 -859
548 771

-16 10
-21 8
-23 -14
78 298
-36 -40
19 124

292 -669
548 -574
-380 663
70 -982
-68 647
200 417

-4 -2
3 3
1 1
-2 0
-1 -1
-2 -4

-203 56
11 -3
-272 75
5 -2
5 -3
0 5

821 35
494 -575
496 -627
776 -55
-208 721
646 29

-600 -774
714 911
502 556
531 591
535 1
346 566

-66 384
402 -214
-246 606
919 -859
-215 563
176 76

-87 -412
323 113
307 80
623 365
473 302
563 374

-47 403
118 316
644 -193
-520 -197
-780 -446
-567 -95

-377 321
-604 778
382 468
116 166
902 26
-997 848

0 4
3 7
-2 -13
5 15
2 12
-3 -8

-67 49
85 -2
-93 76
22 10
96 40
48 -17

126 348
873 -210
-598 478
-109 49
265 209
37 932

-5 5
2 -1
3 3
-9 3
591 -71
-268 35

30 38
-39 98
-48 81
-89 67
16 75
7 58

31 -74
100 12
-1 100
-54 -73
-70 14
84 99

-6 -2
-4 -5
4 0
-9 11
-13 17
16 -18

-996 348
826 -638
-38 -314
-213 -219
69 -45
-846 318

-34 -787
-159 372
-892 -805
-445 366
203 670
395 -778

953 953
-251 -288
953 995
357 804
-255 693
-847 503

30 -13
0 40
-4 36
27 -16
31 -12
-9 31

708 39
234 -27
-125 -520
-599 -586
-356 -626
787 50

-38 -36
25 30
24 -10
-28 -45
-37 4
23 -50

-9 2
15 4
13 -8
-7 14
5 15
-11 -10

-884 -336
-870 -579
729 448
-529 144
-122 607
147 -77

859 387
-152 610
315 511
-840 -386
-836 -375
-116 592

27 -29
-3 8
13 -10
-57 52
8 0
-38 36

3 -1
4 0
2 -3
3 -2
2 0
0 5

187 207
-455 -493
-236 -224
331 -59
-63 213
172 100

-5 4
17 -24
7 -27
-832 -15
-811 -14
-3 8

1 -1
2 1
-5 4
228 -521
5 -17
409 -930

289 369
427 455
329 409
-363 -304
-607 -575
-539 -508

21 -9
17 -25
-25 24
-58 -46
-358 -440
-36 -20

-95 -214
-39 -244
-133 -478
414 319
464 387
-154 -135

335 -805
-418 -62
-226 -874
943 -171
661 -556
-509 -491

-15 -9
-8 -18
6 0
2 -6
-19 15
2 6

-168 129
357 -57
-425 373
439 -239
-190 -475
-365 -413

5 -1
-2 4
-2 3
5 0
-2 2
5 1

-14 19
-7 11
-6 20
1 12
-10 -16
-9 -7

-26 -1
4 18
6 6
-19 -43
-21 -31
2 30

-4 -3
-5 0
1 2
-100 49
13 -11
-477 249

513 -156
-464 290
935 558
-253 647
-675 -67
91 -870

388 83
430 79
478 -262
-800 -151
-314 -355
715 -816

-18 20
-7 -12
35 -36
22 -7
22 33
49 19

-4 -39
10 50
-12 31
23 42
-8 -4
18 -20

-42 -267
148 481
58 136
25 52
7 -30
-8 0

248 479
477 940
22 21
-5 -30
18 29
-9 -10

-420 -105
470 121
-26 9
-251 196
-455 200
-54 253

624 733
-117 382
-556 213
-237 590
-472 837
288 161

14 0
-8 -13
-12 -15
-8 0
10 -2
14 -2

-653 -153
-113 35
302 178
-58 26
-50 58
-86 14

-27 49
15 -42
49 -51
-65 70
180 -216
-429 506

-205 402
350 -587
52 -56
-19 -11
22 -3
25 -2

0 -4
1 -1
0 -2
-2 -2
-2 -4
-1 -5

-462 737
-398 639
-13 46
-1 -26
12 -27
13 -10

58 19
85 30
27 -86
-75 -149
-719 -963
-48 -111

4 -5
5 5
4 -2
5 2
4 1
1 -5

56 36
97 -15
43 11
48 -93
-68 41
58 -90

1 -2
-1 3
2 3
1 3
5 -2
2 -2

488 213
249 121
-54 5
-5 21
-16 5
-23 -19

-7 -29
27 19
-9 22
-31 48
355 -267
-981 828

-41 -13
-33 -30
-39 -2
3 46
-4 38
-49 4

-27 -8
17 -1
-110 -22
3 3
-5 4
0 -1

94 -17
-23 48
-41 25
40 57
67 20
-14 -12

-65 -73
-484 -43
-81 -176
769 170
-122 78
-529 -13

687 573
-277 343
-600 -402
-376 268
-152 938
463 -97

45 -36
42 -23
-13 50
-37 -20
-5 37
-21 24

1 5
5 -3
2 0
-161 179
-313 343
-10 16

19 8
-29 11
-28 21
-539 91
-38 26
787 -82

-17 16
18 -14
-5 -13
-38 28
-478 373
-45 32

-4 -1
-16 16
4 1
15 8
-11 14
20 13

-13 8
-14 2
3 -8
-6 -6
-4 6
4 -2

-1 -5
-2 -1
-5 4
-4 0
3 0
4 -1

-338 -31
-707 -358
98 301
575 324
-390 237
972 339

945 -467
65 283
244 151
402 -107
636 -512
-154 778

414 137
307 118
237 158
655 334
806 452
-685 -676

-5 -8
-4 0
-13 -12
-15 -7
-1 -9
-6 -4

-9 -15
0 -14
10 0
9 -13
1 -1
-8 -2

119 193
425 684
8 15
-1 2
3 5
2 -4

471 -322
-306 563
75 953
336 436
-39 -620
601 -525

-757 972
-249 -140
135 -836
889 -848
133 -622
-299 -590

19 -13
-13 10
-17 7
-3 -6
0 8
16 20

15 -29
2 -9
4 -13
2 3
-2 -1
2 0

-972 997
-15 20
606 -614
2 -3
3 0
-4 0

2 94
19 72
75 -8
61 28
89 20
56 34

-6 31
50 6
36 26
50 -38
43 -6
8 44

381 344
118 -127
194 394
-453 335
219 -386
-160 -130

365 -281
135 829
469 916
274 46
-631 366
269 -384

-2 -2
-2 0
-4 0
-4 -2
-2 1
-2 3

-4 -23
-45 18
19 -24
-42 37
-26 -12
-20 26

4 9
-8 17
7 17
11 9
19 18
19 3

-165 264
27 316
-904 155
-281 324
-473 266
77 341

-692 -974
-196 -189
264 541
-49 56
-5 96
-74 11

-6 0
-6 15
14 5
14 -1
-1 14
-11 4

131 133
-159 -79
-1 37
4 27
-12 14
-12 5

721 211
-717 -154
3 29
18 -4
28 12
-1 1

685 -73
485 -213
-707 -283
-59 891
-101 -82
55 -108

1 41
51 7
-1 57
35 92
-24 16
-192 -188

2 -19
-1 -14
0 19
9 17
-11 -19
3 1

3 1
1 1
4 0
-2 2
-5 3
0 2

-34 34
16 23
-41 30
-20 42
9 19
-13 46

104 -885
-836 226
-765 467
388 79
193 851
-215 900

-2 -37
-16 39
9 -35
-25 9
-7 -27
2 3

-182 834
287 322
282 283
673 -406
844 -654
111 531

-112 431
-193 -197
101 -467
529 784
787 808
71 -59

-4 -87
-34 -72
-68 81
14 40
-16 55
-60 -59

-619 624
-634 323
191 376
-907 -214
781 -19
-157 -274

-34 45
-43 84
-19 -43
-16 -79
-13 -23
-13 -92

-439 -83
403 -173
-412 529
437 402
80 -423
-445 -186

-4 382
-31 -132
-24 -34
21 -22
-15 -12
1 10

13 474
43 14
238 404
33 618
-292 -32
-352 -464

5 -45
278 702
-23 -118
-30 -7
12 -16
-23 15

1 -26
2 21
9 -15
22 12
8 11
21 38

31 12
419 -968
306 -686
-27 22
-23 -28
-1 28

354 883
242 73
445 765
-367 -229
-318 -429
-759 -403

-27 13
-6 -13
8 -13
30 -26
-43 13
45 -39

-557 700
-598 753
-610 -482
-690 -947
113 516
316 822

-410 176
671 -356
646 -280
733 -774
-896 -527
-116 -603

158 508
-934 -646
-880 -829
104 691
404 888
20 -238

14 15
11 75
32 38
31 58
93 -33
94 -53

-188 -316
-898 372
-592 95
374 -236
380 -258
-302 -67

21 -19
-19 -22
13 10
293 356
793 958
35 43

-462 224
159 -34
-98 68
-41 -78
37 2
-2 -76

32 43
-4 35
-5 6
22 40
-2 -19
-22 -25

384 -771
-770 778
-88 15
551 -60
738 331
532 841

293 -54
-286 -265
227 12
-557 6
-503 -285
-723 -65

673 647
956 461
930 -860
-485 70
390 833
-202 -116

440 99
476 -314
532 -976
-8 -453
424 43
332 -61

62 -74
121 677
23 -584
64 49
68 -80
59 10

605 -235
845 92
-6 -953
772 336
847 414
281 -541

-216 -236
356 379
-43 -50
24 22
0 -5
-15 -22

472 558
393 -157
176 898
721 648
941 598
-287 -207

24 -23
-41 -24
-38 -45
-50 39
23 -16
20 5

-4 0
-4 -5
2 0
-4 4
2 5
-4 -1

1 8
-20 -2
20 30
23 80
23 46
31 270

-483 -25
293 191
40 -181
-805 -209
799 935
-230 347

-501 -8
-419 264
-512 -354
494 -393
549 -308
308 -219

0 2
4 -2
-4 -1
0 -5
-2 1
4 -3

961 637
-301 864
-652 715
-361 -992
-59 -319
114 953

2 83
81 168
-109 -228
24 -167
42 -196
-298 -489

-314 660
-532 988
-216 -920
430 615
-682 -577
-156 -294

839 -624
482 645
538 861
314 -3
657 438
594 789

-5 9
3 3
6 19
7 0
-1 6
10 16

-99 547
18 -47
74 -334
11 -17
-9 8
2 10

15 12
671 710
-174 -190
4 -6
20 -17
-22 -25

5 -4
4 -3
0 4
-15 -11
-18 -14
-110 -105

-3 -1
-3 0
4 1
1 1
3 -2
4 0

1 -4
-4 -4
5 2
0 2
-5 2
-1 -4

-13 7
-50 81
73 20
-267 743
61 -104
272 -628

644 780
-404 -72
-707 -412
842 934
-960 -652
204 318

4 5
-3 -5
-4 0
118 -88
655 -469
11 -12

917 902
-460 -373
702 964
-802 -1000
-688 -373
131 978

20 -42
-18 28
-70 11
-13 -94
53 10
-32 -59

931 -933
83 197
418 2
-946 -795
-297 100
-140 645

0 26
10 15
-10 3
359 729
392 796
-14 -18

963 610
-502 -570
-577 -534
-896 886
898 -386
868 -286

12 -1
2 -13
-1 -9
-3 -19
-7 -20
5 2

143 531
-65 75
-267 591
387 -636
-536 -87
-521 -312

-371 310
-307 298
-125 488
-424 432
91 -449
-148 -68

89 38
87 36
74 -93
90 -77
38 -71
60 -78

67 50
-55 -92
-47 -7
-600 -831
-688 -968
50 76

18 -29
28 44
44 -34
10 10
45 22
9 -46

67 -63
13 -11
242 -231
0 4
1 -1
-4 -4

-80 25
27 59
-91 78
-17 -87
37 54
68 23

200 -825
682 -412
716 -375
88 -919
614 -486
166 -862

335 360
-924 986
951 -34
119 -936
38 -882
649 74

-12 -15
9 1
6 6
-15 -10
3 11
12 13

0 1
5 2
1 -2
2 3
4 5
4 -3

-88 74
50 83
13 55
4 73
-31 -344
-79 -815

52 86
93 77
64 -10
1 46
-38 2
88 46

206 -697
69 -513
-149 573
-121 932
-187 862
630 82

3 -2
2 -5
-5 0
-2 -4
0 2
-4 3

-13 11
-5 7
1 8
4 -2
9 -8
7 -12

478 27
284 441
340 -42
-778 169
-284 -74
920 -809

-923 425
635 -299
-38 13
-26 -13
4 15
26 -3

90 -31
66 -25
-65 -7
68 -55
55 -37
92 -61

840 41
-940 -760
507 -137
-434 -137
-389 -315
-130 -226

93 -164
-21 -57
143 -231
-31 -48
18 -54
89 -16

207 -375
243 -351
-177 -23
-366 -681
-955 -947
867 -87

539 344
-135 -112
-29 -43
15 9
-30 -12
25 -27

265 -65
-215 -274
73 -325
-235 -241
464 560
-92 44

2 7
10 8
-13 5
-5 6
8 5
-6 6

3 -15
-18 -15
10 -2
10 -20
-11 -5
3 -2

-7 37
-326 534
-471 765
22 30
-22 -8
30 0

-61 -17
2 -1
9 1
-3 0
-5 3
-5 -4

42 -33
1 -46
-39 -51
-965 309
10 -38
-20 -27

-421 -363
-394 -421
-10 -94
333 -392
39 75
-66 136

290 151
252 -111
132 -7
-440 -811
735 -598
-831 -912

-3 0
1 -2
2 -1
2 -2
0 0
-5 2

-723 -717
242 23
-399 -429
-58 -367
-509 -649
440 29

-75 74
45 24
9 56
69 31
27 40
-3 95

143 416
-3 -15
-250 -744
-1 -5
4 -2
3 2

-5 -5
-3 3
4 -4
-22 16
-4 0
-5 -3

-16 21
19 -12
33 -18
23 -30
17 -48
31 -48

-3 -13
6 -10
-4 -7
0 7
0 -12
3 8

939 101
-585 941
-282 998
927 -470
74 534
47 966

-386 464
-363 441
325 280
297 308
-139 217
-162 240

-2 2
-5 0
-1 3
-5 -1
2 5
1 4

43 -65
-45 -59
70 -77
74 4
73 21
24 -40

91 666
-71 192
-499 46
-358 -869
-681 368
-535 -746

-41 31
-39 34
-55 -68
-89 -67
8 -84
-57 -71

711 6
-547 -283
627 -59
-983 152
-354 -300
-558 -62

130 373
-203 15
232 465
357 615
-14 204
210 468

-32 -32
42 -40
-46 -35
-9 -39
-18 -29
28 -43

-1 -44
-98 73
-89 100
10 -11
29 10
131 316

-16 12
-17 -2
10 1
11 -10
-3 19
0 -14

82 187
309 219
428 179
92 -63
10 64
-14 -56

-211 11
88 218
-24 264
443 402
499 379
-379 80

10 -5
15 -1
3 11
15 -10
8 15
14 9

51 140
-28 -215
169 -524
90 -879
-107 -570
-619 712

-7 13
4 -4
-8 10
-2 -7
5 -1
-15 -11

-29 27
-17 15
-26 25
-129 -135
-5 32
87 156

-13 -10
57 31
103 58
2 -1
-2 -5
0 -4

86 21
56 39
92 47
-15 -5
771 85
-86 -12

-359 -9
-310 -77
-352 487
-387 108
-387 993
-359 -49

1 -4
-2 0
-3 -1
5 0
2 1
1 -1

-667 -453
-897 -709
815 -521
-717 -899
707 -407
193 -862

107 -102
429 242
388 398
-241 -249
111 177
55 292

23 34
-39 0
-9 9
-40 -8
19 2
-98 -10

-25 45
18 -5
22 19
-47 -10
35 20
-17 16

5 44
-37 -18
-2 -53
34 47
-111 352
-313 802

23 -58
84 -25
-62 -57
-86 -23
-73 78
-49 44

-65 94
36 -54
40 -71
-33 -42
-37 -25
32 -37

-352 -212
105 97
-157 -413
-376 -41
431 151
80 -121

-26 30
-25 27
-12 23
861 -161
22 16
-722 173

868 554
-594 -126
-150 207
343 410
808 692
16 -186

-168 80
548 121
308 111
-91 -68
-36 52
-32 12

577 -781
558 -541
632 -677
887 495
255 -907
539 -301

35 4
-17 868
36 -28
23 12
4 -4
-8 28

34 -43
-66 32
62 -33
-5 28
73 78
96 53

5 -1
-2 -1
-2 0
16 -6
353 -109
942 -289

-15 14
-869 -106
40 22
23 3
11 4
3 24

517 108
-733 -882
-396 441
-651 -243
-236 717
444 -891

-2 20
0 23
4 -28
-28 38
-14 2
2 -31

0 -17
11 6
32 -23
21 -46
27 3
37 -49

10 -11
-28 -47
-9 -12
29 -42
48 -39
-28 -17

399 -827
-7 15
-373 774
1 -4
-5 -2
1 -1

-470 -339
-87 -356
-340 129
660 -223
722 -19
110 894

-17 -83
-13 -51
-83 61
-14 -71
-18 80
-34 12

-5 -20
83 217
-251 -682
4 -5
5 4
-1 -4

-27 10
-20 -44
-16 -4
-37 34
-6 -28
-8 -8

-5 12
-7 -6
12 6
-2 -14
10 -12
7 14

7 -8
-1 13
6 4
12 7
-13 7
-7 10

-36 42
-52 -60
-32 -21
-12 18
-16 81
-28 -84

-225 426
-342 53
-36 -80
497 18
191 151
-232 -89

865 -182
-84 -472
-717 -679
982 477
925 138
713 -897

-739 385
-696 726
-278 -748
-553 -873
-791 21
-599 165

-1 -3
-4 5
-3 -2
0 3
1 -4
-2 4

8 -16
-16 -16
-11 -4
-18 -19
-2 -7
2 14

4 22
10 27
-34 -99
1 -14
18 -11
-64 -57

11 75
23 31
51 -92
38 -24
36 -37
48 -81

238 -397
55 -313
3 55
-496 -173
-352 19
-443 335

-12 -7
15 10
-12 -14
3 -14
-10 -13
-3 1

-983 739
825 -447
821 -798
-316 -671
-415 719
-764 -839

-2 -3
4 2
-2 5
-5 -18
-20 -65
-221 -698

0 -4
2 8
-13 -5
-8 -10
-11 7
-3 13

24 -29
-32 -25
24 -11
12 -17
-36 5
36 -49

-11 6
15 2
-15 7
-7 5
11 3
7 4

-191 -184
9 6
-70 -69
-4 -3
-3 -4
3 0

152 73
-418 -374
-300 -285
70 10
62 -2
-82 34

-57 72
-54 -21
-11 -70
-639 -76
154 -49
-253 -58

49 414
-15 -72
-6 -201
53 -345
43 -15
14 -321

-50 -1
22 2
-48 -7
13 29
-38 -37
32 45

-40 14
17 13
-38 12
-20 -6
-18 -8
1 29

724 -357
887 -761
348 642
298 717
285 664
246 -336

-12 12
2 11
2 -14
-1 13
-13 -4
9 -2

-892 -677
-651 -729
-321 -780
-169 -833
-80 -832
161 -884

-88 -143
286 -385
155 76
-153 10
-141 -497
131 -263

-195 161
-987 497
-1 184
805 516
-251 -426
481 148

-7 36
31 21
27 24
-43 3
27 12
21 12

481 -390
-186 363
439 792
-144 -819
488 -587
-976 73

15 3
-19 -2
13 -8
15 -17
-7 11
-9 -3

-258 207
-988 -545
182 921
652 51
507 -139
-449 -79

441 65
19 3
373 55
0 0
2 -3
-4 4

14 -23
33 -45
19 -15
48 -21
43 -29
34 9

26 -4
-11 -5
7 15
550 875
-44 16
-48 9

653 443
-457 -46
747 363
107 -526
-40 77
193 38

-11 -26
-83 50
61 88
46 107
-140 69
-35 164

66 -662
958 946
-44 466
-378 306
901 -262
-101 -742

1 -3
-1 1
-1 -3
-5 -3
1 1
-4 -1

31 497
229 85
14 -221
-44 -477
37 202
177 -466

0 2
-2 4
-4 2
5 4
-5 3
3 3

-906 -195
-940 -765
-305 42
-259 225
-200 -400
317 -207

20 36
11 -12
16 -14
-43 44
-13 32
-12 23

1 3
2 0
0 1
-1 -1
3 2
-2 -3

-9 18
5 5
-1 9
10 5
11 -12
12 -7

2 3
3 -1
4 0
2 -5
2 0
3 4

-3 -4
0 -1
-3 5
309 -463
8 -12
556 -833

-176 240
-143 -345
-349 -265
-293 171
-199 -781
-457 578

432 253
283 -778
-11 -400
75 904
-479 -279
-219 925

-15 -3
34 23
-6 21
39 -16
13 -33
5 -2

-210 592
-840 482
688 -216
554 243
58 -326
-706 23

41 -18
83 87
21 -76
65 68
83 76
77 92

394 -443
482 195
570 -362
912 -450
928 -166
530 -658

-3 0
1 4
-1 5
15 -19
107 -151
-259 374

-11 4
30 -14
-8 10
159 -62
-357 155
51 -16

7 82
-5 -14
-3 4
-1 0
-4 -5
2 -3

-579 -504
-74 -78
481 421
-166 -123
-385 151
117 -406

-53 -511
-38 -61
-29 65
6 35
46 11
-29 2

-1 -3
3 -2
3 -5
5 -19
-43 122
49 -148

48 -18
332 -253
-12 29
0 24
-20 2
-4 -18

-469 781
725 994
-358 706
-756 635
-867 710
438 848

-195 371
-247 316
-162 363
366 235
369 230
341 -467

-10 -17
-55 -147
51 159
5 -4
5 -5
-5 -1

-23 -25
-72 9
-77 -63
75 -93
26 -59
-67 81

754 -872
-845 -360
-523 104
915 -640
-393 -638
-215 55

-307 -329
-39 -37
-17 -13
0 5
-1 3
-1 -5

40 40
45 48
-25 -5
37 47
9 14
6 21

-5 -13
16 -83
-15 24
155 -132
-112 65
-300 204

-543 85
-799 865
-401 -722
309 -401
-87 193
-45 -112

-46 46
-24 -47
-37 5
-5 32
2 44
-20 -3

-15 32
-7 10
2 16
-37 31
-31 35
8 20

4 8
-1 -15
-7 -1
1 15
-6 -12
3 -7

-16 17
-1 -13
-5 0
3 -11
20 -10
-4 -7

-624 616
486 -572
2 -53
30 -25
-17 -2
-30 -19

-19 10
11 5
20 10
-16 16
-1 10
9 19

269 -478
-36 182
287 -46
-235 229
737 -817
-127 -35

549 388
-628 81
100 319
-439 65
-467 367
-572 -523

-28 -3
3 -26
-11 0
679 -102
-53 2
930 -137

-81 -150
396 268
7 -70
454 324
529 380
950 676

-37 8
-17 -16
-19 12
32 -46
10 38
17 -12

-14 -18
-28 10
-26 -1
-258 698
-194 504
-17 -31

2 -2
4 0
-1 -1
3 -2
0 0
-2 4

-14 -53
42 -11
-97 -51
90 25
-41 -9
34 -17

317 -58
281 -51
-17 7
5 3
4 3
0 1

389 -141
-11 -131
489 435
-180 577
814 349
889 99

-922 -458
491 352
435 -72
247 702
79 -570
-350 -522

825 -790
-230 -188
844 358
-211 960
-896 937
140 -813

-14 7
-11 -2
2 84
268 276
900 925
67 69

-7 16
-202 639
-279 885
-4 -5
1 -2
-1 -3

-29 15
-9 5
16 30
-50 34
355 89
-152 22

18 15
6 1
66 69
-3 -4
4 2
0 2

-80 46
39 23
104 -2
8 22
10 -16
-30 4

579 548
905 880
197 264
-22 146
194 450
291 428

10 4
26 -28
-1 -22
25 -10
135 314
43 50

-3 -4
1 4
3 -1
3 9
57 -34
-15 24

-10 0
-3 -1
-17 23
357 -203
-47 16
39 -31

14 3
-18 -12
-14 -9
-11 -3
19 5
1 -1

-12 -20
26 -48
41 6
34 22
14 -50
-2 16

7 -2
-15 6
12 -5
-19 5
-18 13
-18 -13

-6 1
-14 30
-3 -6
5 -4
2 3
1 -5

-62 -94
38 -30
-88 -78
233 146
888 710
-163 -190

-396 508
124 -16
-382 279
-418 285
350 -387
-46 -186

25 -21
-13 4
-11 -12
-41 42
27 -37
-15 20

-548 997
194 92
460 -163
906 469
94 693
-513 797

-489 -867
-254 -682
120 -776
916 -424
92 -804
896 -544

7 8
9 -4
0 5
-5 1
7 19
0 1

1 -1
-5 2
1 -4
-22 -39
-12 -17
-1 9

9 -19
-7 2
47 0
-35 46
-21 24
-31 -39

251 704
239 286
-781 176
603 482
-400 -290
769 186

65 20
-49 42
9 48
39 30
-81 5
-25 33

53 49
517 589
-485 -570
13 7
-12 41
44 97

227 -108
-388 -117
8 50
-227 392
-398 -2
-440 481

-667 983
-263 633
53 311
329 94
12 -426
233 -2

23 46
-41 -1
-17 33
29 -11
-10 32
40 -50

-1 0
2 -3
5 -3
1 -1
-2 -1
4 -4

2 0
-3 -1
1 1
0 18
-10 94
-99 771

75 -47
-30 22
9 -29
38 -47
68 -35
-19 19

10 -8
3 4
-2 12
-4 16
8 -16
-5 19

639 451
-379 259
-851 116
-573 248
-656 286
78 612

-125 -181
-208 -175
343 -307
26 -238
11 -178
34 240

322 -311
-104 365
60 -788
998 -4
-238 253
-780 58

-12 -69
47 96
76 67
-154 -14
-332 -458
114 618

259 -202
431 -11
35 259
44 407
-318 -271
-5 -22

-5 1
0 4
2 1
-3 -2
0 1
-3 5

-10 0
-22 -46
83 70
102 112
367 921
235 531

55 45
52 47
96 41
32 79
214 -152
12 104

473 -18
805 -71
-39 78
13 61
-3 -79
49 80

72 -96
-16 34
33 -31
-47 37
523 -363
728 -508

421 -984
6 -17
200 -469
5 -1
-1 -1
-1 2

3 4
17 14
-11 -14
-13 16
-16 11
-8 -13

731 33
-586 -22
-11 2
-5 4
3 -3
2 0

32 -45
15 -27
-37 15
30 -32
12 -26
-20 -3

205 658
-42 -3
-392 -905
96 5
48 -97
-18 -59

29 26
-9 15
96 -25
-56 -69
-18 -58
-85 -7

14 -14
0 -26
-16 -10
173 489
33 53
7 -25

413 385
0 27
-27 1
22 6
6 -26
-20 -11

-38 -26
30 24
-45 -24
12 6
11 14
-48 0

-232 336
186 315
-292 326
556 -34
984 -208
50 159

-171 -202
181 -776
74 -282
685 -752
-224 16
-738 574

21 -15
-12 10
5 -10
-51 27
16 -189
246 -934

-51 85
-13 11
30 -40
-47 -21
-15 64
-27 71

-29 0
-24 -25
19 38
50 22
-38 45
24 13

-6 14
-13 15
-12 7
-10 2
-6 3
-3 -10

-45 49
32 37
-43 49
33 37
17 45
12 49

-960 -617
-301 -397
-182 -129
-321 -47
53 -324
-345 373

5 5
-1 1
0 1
0 0
-4 -4
4 5

100 -133
-747 556
-911 686
-76 43
-25 -47
-53 59

-20 27
-8 9
-26 26
16 3
97 4
-26 1

137 191
-248 80
-785 471
522 302
674 -200
289 -311

10 -18
39 47
4 -31
-40 -31
43 8
-12 -18

5 7
-7 -3
-29 -6
776 255
-144 -49
17 4

-197 175
-10 9
-997 885
-4 2
1 -5
1 1

94 136
61 123
-159 151
-71 -17
28 -82
-82 -48

8 3
9 10
9 6
9 15
8 -4
8 -8

-2 5
2 3
5 -2
-38 31
-12 6
-50 42

-29 48
1 23
42 20
12 45
23 12
46 28

795 335
279 851
561 161
585 825
831 404
813 -421

-102 -36
-128 -184
-460 444
-376 -67
376 257
86 45

22 17
5 -17
-26 12
-276 -887
-191 -598
-14 22

12 -216
-58 -418
-354 295
257 491
-424 93
-494 -109

12 6
4 5
-6 -11
-14 -12
-9 -4
7 -2

-492 424
-203 -87
-752 669
-530 -63
-825 537
-18 -894

4 -2
0 1
0 -1
-3 -4
1 0
4 5

43 -26
-11 -23
-39 -16
-8 -11
-25 -9
37 1

50 11
46 -27
-20 27
17 38
9 -38
48 -8

0 -7
-4 15
-5 11
1 -3
6 -2
-11 -13

58 65
-5 58
76 84
49 81
58 -82
49 -38

21 39
37 42
29 -1
1 -27
23 29
5 -47

27 -23
-999 189
45 -27
27 23
3 -23
15 -12

399 -472
-681 824
321 449
-648 -708
294 -437
-306 339

-465 728
600 -962
-325 930
740 -760
-39 52
454 118

13 -15
4 -4
-12 4
1 -9
3 -3
-13 1

-420 364
119 209
43 277
164 496
-382 330
-147 447

58 554
261 682
-786 -447
-583 -319
667 938
464 810

-6 -9
-14 -7
11 7
6 -12
7 8
-1 10

-2 2
0 -2
2 -2
1 0
-3 0
-2 -2

-4 -4
0 5
2 -4
12 16
9 10
303 580

-93 195
-653 -269
817 958
12 289
327 -396
-51 442

3 -3
3 -1
-1 0
-4 0
-1 -2
3 -2

-46 -132
-398 -845
86 147
-31 30
13 -14
-24 -70

-14 21
49 -56
96 -96
9 -42
23 63
-4 -61

-252 343
-413 514
268 -437
88 -261
-11 -120
-147 444

-1 -2
0 -5
2 2
9 -14
-670 702
706 -749

36 -2
-27 -28
-2 -7
-14 -44
11 -23
49 -18

15 -5
14 -8
-9 -10
20 10
-2 11
19 7

-63 295
-198 274
-490 -11
-311 496
-108 288
-40 59

-236 -137
-284 -249
439 -497
-370 -397
619 -117
-886 -637

-316 -511
50 -30
776 931
98 -22
56 -85
66 -10

-152 -149
-164 -97
-35 -536
-34 -52
-84 -57
-32 -23

26 -25
22 -30
-26 -21
35 -54
80 -107
2 -9

-39 -26
-41 -37
-27 -9
-35 -4
-42 -18
-24 32

0 -1
3 4
3 -3
0 -5
0 2
3 -5

0 5
18 -9
21 -1
-66 144
-4 51
-580 918

-567 -421
22 17
18 14
1 1
-4 -5
-4 -2

-4 3
-3 2
5 -1
0 -1
1 -2
4 0

408 -392
-282 -2
-265 -95
469 -492
383 -497
-461 123

901 -376
445 59
511 -206
-225 -616
-95 -751
261 -412

19 190
-3 -38
-1 -18
2 -2
4 -4
-4 -4

82 70
-4 -72
56 -48
-131 -20
635 235
853 316

325 -348
9 -15
362 -387
-4 1
-5 0
-5 -3

-26 17
28 -9
-20 15
-40 -22
-35 -13
-28 -10

35 60
288 631
287 624
13 12
-29 -28
1 -28

15 88
24 -78
-17 24
-54 -27
-43 18
70 -55

35 86
75 55
45 -84
78 4
-41 80
2 -2

-11 14
-14 -27
49 4
36 20
-28 3
-2 -29

0 -32
29 -154
-40 149
12 -8
3 19
-7 8

-404 357
89 -111
636 -633
-93 -37
-28 60
-58 36

-13 -15
-7 -9
64 57
5 -3
0 -3
5 3

-4 92
88 -78
-53 85
-28 -3
70 11
-11 91

-675 -969
581 741
140 144
-20 -92
32 -54
85 67

-72 175
-3 38
220 -403
-1 19
18 -9
2 21

156 -5
224 166
-58 -496
71 -276
247 207
21 -395

411 -760
603 -663
-51 -148
712 120
-200 150
895 -64

46 58
87 113
0 -4
2 4
0 -2
-3 -5

60 210
-354 204
-600 210
833 -743
100 -250
-983 473

-6 -5
-19 4
-15 -1
-13 11
-14 5
-13 -18

320 582
326 232
-66 908
-380 -118
332 -118
-369 69

16 -41
51 475
35 283
8 55
56 -73
41 -65

425 45
145 -282
390 -458
-257 -461
-467 218
-472 -382

-40 258
55 43
-218 674
-2 -23
-1 25
24 -25

-30 17
1 7
-17 19
-28 -3
-26 37
-12 221

13 33
215 285
-118 -128
7 5
21 26
-7 19

193 880
-815 -236
848 -202
-550 -545
988 -47
-576 631

177 462
137 -2
194 346
234 -549
-74 -825
112 -699

549 -841
195 -115
454 -307
-805 240
749 -912
-746 119

-339 501
-808 67
-114 426
-562 -422
-287 -697
337 -838

54 57
-50 53
-51 -75
1 -73
37 99
-59 10

-49 -464
58 478
168 990
90 -39
522 -914
-26 309

45 -48
-11 72
77 -35
-90 -85
-51 -87
10 27

-4 17
1 47
-13 50
-1 28
-16 3
-28 12

138 149
254 819
91 -108
26 -35
6 -49
-31 9

-67 319
-102 279
-255 -228
-263 95
120 422
15 302

2 1
-5 -2
-2 -4
-11 -4
20 37
-18 -14

9 -13
8 -12
-127 129
5 -3
-4 0
-3 -1

-5 -5
-4 -5
4 -3
98 -324
0 -17
30 -111

170 213
-271 420
400 93
475 -59
500 -208
460 -182

39 -46
64 52
47 61
-46 -1
-63 8
-21 97

865 737
481 989
-493 -345
-109 -597
545 947
929 695

-42 12
-43 -14
-35 27
41 -1
28 -5
-31 -36

-195 965
128 -41
-204 865
-47 312
-29 512
-222 665

0 2
2 1
5 -3
4 -5
3 -2
1 -1

-7 5
-5 -18
-6 -1
0 2
1 -1
-2 -3

3 -3
-3 -5
-5 -4
-74 50
27 -25
-20 10

-425 475
617 -695
-106 124
53 53
-12 46
27 -65

745 -133
-16 12
-11 11
3 -2
-3 -5
5 5

-3 4
1 -3
0 -1
-1 1
2 -1
-2 2

-46 15
-977 -122
-999 -124
21 -8
-18 -11
-12 19

223 -238
469 -569
-13 80
21 33
17 41
13 77

13 -30
31 3
-4 -25
24 16
12 -17
-7 -15

26 34
12 17
-19 -20
-2 -1
-1 1
-4 4

15 10
-1 -1
6 10
1 -12
-5 -1
10 -12

598 -680
440 -601
-478 36
928 -957
68 -165
-214 62

745 889
-367 276
-6 755
-861 560
-300 -1
-589 843

18 -46
30 41
31 -15
-10 26
-33 -24
-10 -7

-723 -201
793 -330
621 513
-344 888
592 264
-138 -591

0 -77
85 -70
-50 -56
-54 14
66 49
-41 0

482 -489
718 495
764 -621
906 407
624 539
-787 105

96 49
32 25
-92 -25
-62 -12
48 25
36 23

90 30
94 -1
-50 85
73 33
-8 17
-34 -39

54 -9
29 -35
90 19
-54 -93
20 -42
56 -14

-156 -263
-180 311
-352 -991
93 -391
-314 434
254 -398

-10 8
-13 4
-4 2
-12 3
-2 7
-5 10

0 -4
3 2
-2 4
5 0
2 -4
-4 0

-189 72
-96 473
2 914
-375 -765
-90 -515
-424 -814

-898 241
859 14
437 40
563 23
-669 264
-93 192

53 -289
-219 -1
5 -67
-403 -120
-139 -177
-267 27

348 110
-308 -226
-330 128
-672 346
-31 -145
833 -433

764 9
-72 -563
841 482
409 110
-208 -828
162 304

762 711
-302 -705
711 572
179 -136
451 312
157 106

56 56
-396 -660
50 46
20 -8
9 -13
6 6

-486 -585
-12 806
-525 -624
-633 -470
-876 -975
-162 656

701 -167
472 297
580 717
72 96
257 -335
414 90

68 20
48 -20
-83 70
-185 550
-163 170
-130 -80

652 230
524 931
-883 -500
-680 -759
183 -247
-542 678

-963 75
-644 -415
150 -741
-191 875
-80 -487
-273 -687

-6 5
-14 1
-14 8
-13 -15
-19 -20
-5 1

255 340
-332 -367
-161 -440
-872 -944
92 428
-496 -239

92 -301
64 -258
312 -134
852 262
836 87
956 516

55 -15
12 -35
-12 79
-74 -75
-31 -55
-55 59

-552 408
259 -80
301 -332
120 -236
-111 919
-283 983

15 -2
-363 -33
-460 -41
0 -3
3 1
-5 -4

-263 764
172 147
-418 819
18 -261
-255 -112
131 -60

729 -826
-611 727
-903 762
-438 -251
964 -245
30 41

4 -2
-5 -5
0 3
-290 -621
52 112
-5 -10

-50 -19
1 42
25 36
-44 9
42 17
-18 32

85 21
-41 55
45 -79
314 933
178 1
194 8

-990 -333
-73 -73
267 29
-37 -32
-13 95
-3 -66

-976 746
-57 48
704 -530
-15 18
-17 0
-15 16

-73 67
-44 57
-7 34
14 22
-99 65
-77 54

55 -95
52 -99
-99 -68
70 -75
24 96
27 100

38 -45
-56 10
37 -15
85 -33
78 -60
8 65

-5 -1
5 2
5 1
3 -1
0 1
-2 -1

-13 9
-94 -36
-68 -33
98 2
81 4
26 65

97 -518
198 -979
-17 -1
-6 3
-17 -16
-11 25

-584 500
-478 248
34 -606
148 156
-883 838
-627 706

-16 16
-11 10
24 -33
-1 -2
-2 -1
5 -3

-537 357
-169 -85
95 -544
-9 -837
15 78
87 647

141 530
105 688
707 -885
417 -92
421 464
489 294

-14 -30
26 22
20 -9
-325 -478
677 946
-26 -54

-420 291
-184 -326
79 -442
716 -830
595 -121
646 695

-8 -7
-2 20
-2 5
7 8
9 -16
4 -1

-615 -311
-44 -2
621 358
14 30
4 19
-1 21

227 -97
197 -94
92 -104
21 22
-40 -99
-35 -79

-1 -5
4 2
-4 -2
-5 2
1 -4
-1 4

-743 458
514 273
131 -92
-224 192
-278 832
704 -998

-10 7
-441 26
694 -24
2 0
-1 0
3 5

-10 0
-14 -8
-6 5
-14 -9
-8 3
-2 13

-29 -54
-92 38
3 -67
-8 57
-14 86
-67 -12

-6 -4
-13 -11
-10 3
-3 10
8 -1
6 8

92 -69
138 -92
237 114
-833 -957
-481 -614
512 387

18 -5
29 4
15 4
-100 -70
-10 -13
-688 -441

-12 15
-8 -11
-10 -13
-13 14
-13 2
-8 12

-69 110
-39 341
-36 380
-53 86
99 -53
-28 60

152 -209
-346 9
95 -92
329 -166
733 -370
-977 380

-3 -43
30 -49
-31 72
-42 74
39 -76
-30 7

274 -94
-617 957
-451 205
191 282
-844 -1000
108 658

976 79
516 -986
-308 -938
-216 805
-373 -327
470 21

2 -5
-1 2
1 1
353 359
133 136
-10 -9

0 -17
0 -2
4 14
0 3
20 -17
10 -4

37 -46
-6 8
8 29
-5 -30
39 -43
38 -5

-10 8
-5 6
1 2
3 2
-7 6
6 0

154 -608
-280 712
-72 88
-1 -92
-79 25
-33 -92

-22 -1
-12 -30
16 -29
-44 8
31 -4
12 10

-97 -125
-696 -762
-192 -227
-17 -67
-55 -76
-10 -50

480 292
462 310
246 -74
513 300
-387 150
-135 180

2 -2
2 5
5 -4
-160 -173
-6 -12
-597 -630

74 34
-89 -158
233 258
-81 42
15 -44
31 4

-206 382
-402 180
-353 144
-143 311
-241 383
249 196

171 -187
734 628
471 260
456 137
93 -160
152 -92

-125 -659
95 836
-89 -705
-537 204
-307 562
-307 284

-400 328
208 -392
331 -301
-997 325
439 -326
499 -253

667 -690
23 236
-436 935
-891 588
-896 -198
-864 -192

3 5
3 3
-5 0
1 3
3 2
-5 -2

-493 284
-825 -882
-406 629
-64 -115
-172 -229
-951 -930

-23 -29
41 5
9 33
-32 17
42 -9
28 -43

225 -64
463 -344
380 -95
297 154
471 252
-193 -329

-979 119
988 -577
940 -438
-883 -159
700 257
652 396

-5 3
3 5
-3 4
1 5
-1 5
-3 3

12 -16
3 1
-12 -4
-18 4
-14 -8
12 -11

-351 -123
-507 -213
72 169
342 269
-219 -19
429 327

4 1
1 3
1 -3
2 5
4 3
3 -5

193 -285
344 -550
419 -649
95 -383
170 -386
-38 -312

5 -14
29 18
11 22
-34 -8
302 184
-55 -22

32 -336
122 -786
30 -977
274 -27
-238 363
247 108

-13 -4
11 2
5 -6
17 20
-11 1
9 9

209 -176
-303 432
448 455
-404 737
596 169
234 843

-5 5
2 -4
-1 -2
-6 15
-68 192
151 -433

-215 -2
-112 -227
234 63
-208 35
137 -65
150 -381

-68 -47
69 25
-38 -67
717 743
-411 -533
158 115

70 -92
-61 -76
-96 -82
177 -69
-469 -933
-368 -800

822 -732
-858 100
-228 -327
-273 -427
192 251
-333 -99

847 -277
-997 983
-360 11
576 266
-750 990
480 -428

97 0
24 85
-5 60
29 66
65 15
-53 63

60 -36
-44 -24
-85 -7
-64 14
-22 -2
-42 36

-133 -305
313 -445
41 -495
90 -375
411 -205
-454 -475

30 -86
-21 65
12 -100
-43 -20
-64 46
9 -20

-927 801
-242 -330
118 -962
98 -426
96 -486
-302 454

29 -35
-3 -17
-5 -20
-35 -9
40 15
22 11

44 -88
-10 71
75 -79
-169 270
644 -911
35 -33

-502 -298
-433 -548
-565 752
-391 -338
-473 -545
-451 202

-15 -15
-34 8
-14 -33
-31 41
-29 -24
-24 -27

514 -943
5 703
249 -372
-190 183
-151 -56
302 900

-15 -80
54 13
45 -84
316 43
-8 -17
-3 2

321 -417
62 -14
-243 -123
-588 364
-894 747
294 -246

-28 -43
79 -44
91 22
852 -29
-128 94
790 -14

758 359
308 272
688 386
-207 41
433 233
-132 92

-13 435
-213 10
-807 -764
-577 -184
-955 -922
-101 487

450 999
263 95
489 355
980 231
-680 -301
452 -32

-11 5
47 17
-43 21
48 37
-36 -3
-10 25

-29 3
2 -10
19 -24
435 -334
35 -25
-108 86

-100 10
-7 10
-5 7
-9 -34
-22 42
-25 81

-10 -835
394 -274
70 982
-91 -521
313 40
-415 735

-14 7
16 -15
-1 -1
-13 17
-2 -11
2 -17

5 -7
-3 13
-8 8
2 4
19 -7
14 -12

96 -197
-396 127
336 -317
285 -158
26 -327
493 50

-212 -361
-368 -189
-45 -238
275 177
325 429
356 -373

193 -413
-929 -852
640 -477
-701 -285
-996 157
117 -602

-485 -890
-212 -992
301 -312
843 793
119 -244
-63 -176

-27 -71
-27 23
-81 37
-25 19
61 82
31 1

18 14
-32 -45
14 38
-39 -3
24 -22
-43 21

-420 -175
160 -255
-22 997
994 -779
613 -113
-39 -841

-75 21
994 518
218 155
74 23
55 61
8 30

3 1
11 12
-2 8
5 13
-4 -4
-10 -3

646 568
-124 -792
-459 -619
-217 -44
-347 -609
769 -288

-561 -785
794 -500
825 -473
-320 321
-509 476
487 -194

-108 -335
32 41
-246 -705
15 -10
7 -30
23 21

-468 381
777 -449
-548 -218
641 161
-308 -737
-535 -96

-3 -5
5 0
-5 -5
13 -14
-84 32
-80 30

475 -741
348 161
216 723
278 -81
144 -157
269 -442

-470 197
-272 -3
155 -485
-8 438
-22 419
98 -135

-834 -327
-112 148
109 347
-11 411
388 -102
108 355

7 -7
-12 7
-20 13
-8 5
-7 4
9 -14

-153 -272
-707 208
-668 343
36 622
-333 64
-340 -200

-41 -29
-42 -33
-21 -21
-14 -14
-47 -20
-4 -10

-12 12
-10 9
-13 4
-6 3
-15 7
14 -8

-19 40
38 -35
-18 50
-22 10
37 -45
-21 20

-301 -134
-475 88
-253 -167
-144 -143
-9 -67
747 395

-459 -263
-260 6
330 261
-304 -379
-29 -200
411 479

1 -2
5 0
-4 2
-8 0
-7 0
45 26

48 -449
-394 2
967 -286
-387 215
83 616
518 -48

-726 186
-949 898
-430 193
20 244
412 899
-149 -580

-3 -4
-5 -5
1 4
-6 20
41 -99
-374 952

62 -122
-711 9
-292 825
-375 296
-458 -233
835 -253

-361 -434
247 489
-65 -157
161 143
-146 431
-399 327

-250 -942
197 -369
92 -572
-25 353
341 73
-61 297

334 -353
-236 67
644 -461
-41 231
89 -239
206 -134

-709 -98
261 -1
-121 -427
734 662
-519 -480
251 522

-7 -32
-47 4
20 -41
4 -29
-47 38
4 -17

-276 728
307 303
-167 359
160 -748
909 588
653 -94

-694 -432
-895 -553
16 -3
26 12
-19 -25
3 -14

-180 27
939 -28
110 25
331 -900
-447 348
-441 356

282 -48
-8 9
-277 62
0 -3
-2 2
5 3

-154 -7
422 -451
-238 -275
-186 119
-16 -743
61 -6

-1 3
-7 4
2 -7
11 1
-4 13
-10 14

95 35
84 -92
99 -53
41 -7
85 9
56 32

-88 -153
-187 399
-79 -189
47 -23
29 89
56 -1

6 -3
-29 -32
-50 -17
-29 15
-43 -49
-43 32

499 168
-113 288
-203 168
202 -291
727 -314
397 -460

791 427
31 29
-141 -61
-19 14
-1 16
16 21

-902 -358
-12 150
-245 -411
49 -817
-592 595
-354 665

182 87
353 -12
836 -879
-399 104
361 -356
657 -403

-15 8
12 -6
11 0
-47 15
-27 6
5 -1

90 85
-196 -162
-12 -3
4 2
2 5
0 -5

-27 -27
26 -29
-22 15
7 35
-3 -49
31 13

-442 395
-210 337
-14 488
806 369
542 41
972 751

-60 862
-459 330
408 920
58 685
-477 148
625 832

-8 -14
-14 -11
1 2
-12 -12
15 -5
9 -2

52 -31
-25 -90
-81 -77
-51 -62
10 30
-60 -5

43 46
-310 -208
306 253
251 -124
-241 37
-144 18

84 888
-276 -217
-581 392
-132 225
-869 -492
-509 613

-72 -149
-246 -19
-64 -369
-186 -479
42 776
-34 521

26 66
-82 15
36 44
-93 -57
61 -11
15 -6

14 9
-10 -9
5 0
-8 11
2 15
13 14

2 -19
-265 -72
340 48
-28 -24
-6 -15
-21 -20

-232 378
-18 5
-393 659
-3 -19
11 -8
-2 -24

0 -2
2 1
3 0
15 9
637 458
770 554

9 -64
-21 80
-79 80
56 -46
16 30
-96 34

2 1
5 1
5 2
2 -5
5 -5
2 -4

25 -2
13 -1
-14 4
47 42
34 12
325 681

3 5
2 -1
-1 -4
299 -841
218 -611
5 -6

-44 -39
10 -8
42 20
22 -14
-6 -22
20 4

333 -270
407 40
105 -902
195 -776
183 -592
299 -378

775 -836
714 813
280 955
879 216
497 884
341 -694

53 -7
25 0
-346 77
24 -20
-21 -17
-18 -27

1 -1
3 -4
-2 -2
93 -63
68 -46
1 0

-76 -26
-92 51
-20 78
-197 -99
-370 223
-467 369

569 -604
-801 81
595 -630
-853 133
-827 107
621 -656

-21 1
15 -9
50 38
-3 -4
33 -14
14 48

-888 438
-623 510
-631 806
-896 734
-596 -489
-604 -193

13 8
128 87
-345 -238
4 3
1 5
-3 5

2 -3
3 -2
4 -3
-2 -4
5 -2
-3 -4

-88 59
-90 -21
12 -45
-91 -61
13 -5
11 -85

-193 62
-920 927
-128 -276
-840 511
-298 608
-905 849

487 220
29 -176
14 -328
-384 -116
136 -153
228 -282

918 929
-746 526
-778 814
-667 -185
950 641
-635 -473

-2 -7
15 10
19 16
15 -16
-2 18
2 8

-1 -17
6 0
6 4
20 16
2 -4
-11 -20

-6 4
24 12
-8 28
-52 -114
140 422
-24 -32

-5 4
2 3
-4 2
2 18
41 817
-11 -248

-2 11
-16 18
-9 16
-6 15
-4 12
1 -6

-296 225
68 399
-502 204
-958 -201
-361 144
708 809

619 -955
464 928
550 106
346 -106
396 -28
-80 -80

23 15
-45 59
64 -20
-17 79
-10 66
100 -56

460 204
190 -316
416 110
146 -410
134 -447
354 23

286 -18
-180 448
-27 271
274 -46
3 409
-219 823

-4 -3
2 2
-3 -4
-5 -2
-1 5
0 4

10 5
14 5
-15 0
15 -19
-19 12
-1 -5

742 -461
483 -213
623 -1
350 866
483 579
433 13

-4 2
-3 2
-2 5
0 5
-1 5
-5 2

-3 -4
1 -1
1 5
-146 -148
-10 -8
-684 -702

-3 -4
-4 -5
-3 -5
90 -301
-9 15
-82 248

7 -456
-224 -479
-44 -96
-472 -382
-489 -262
187 -73

98 -74
99 -76
64 -41
8 22
9 17
18 7

150 -275
271 -308
-86 25
-204 -68
-704 268
738 -644

17 39
-22 -91
50 -55
-57 -35
105 133
621 619

43 -12
647 179
339 83
-86 30
12 60
-88 38

-306 -672
-38 -752
363 -167
-167 -817
593 -437
100 -435

-749 -198
-127 -70
983 160
-3 -44
-36 -49
-5 -74

865 -549
269 -375
-137 -366
361 270
-473 -102
-163 -42

165 981
-108 -469
-97 -469
-244 720
-312 894
-347 749

-2 -1
-5 -1
4 0
1 -1
1 0
-2 5

-5 -5
4 4
-1 1
-116 -76
-15 -9
32 22

-422 -26
-290 71
-491 -309
-184 407
-380 -150
-295 248

-111 -179
439 999
39 133
-61 -58
-31 95
-11 27

50 -2
32 28
20 -23
-38 -21
21 -1
-37 1

-54 -26
43 17
-49 21
32 -60
-62 -187
-144 -344

675 -898
-660 172
504 -765
677 -739
822 -944
673 -696

-153 -68
-488 -459
-193 -120
23 54
-83 23
-29 22

0 -9
3 -7
6 14
-8 -8
8 9
1 -2

929 -268
180 434
231 392
-560 643
-202 650
456 675

-754 221
-415 344
-58 -429
-397 -552
-275 -959
37 508

-19 67
62 -23
-64 71
-73 58
-19 71
-73 -11

487 -22
-186 497
-235 736
-449 398
-458 -249
-244 89

46 41
-4 -6
34 2
-23 -10
17 36
-12 -32

5 3
10 13
-6 -1
10 10
-10 -9
0 5

-346 -863
205 -314
263 -293
408 -124
-201 -694
553 45

116 -117
729 -674
196 -190
-46 31
-40 34
-75 -15

-22 10
-353 -205
258 225
-6 0
-30 15
21 440

3 15
12 -2
11 -5
4 -4
17 -18
9 -6

-1 27
-53 -1
97 38
-62 22
34 18
-71 45

-6 -13
-12 -13
-1 15
-7 15
4 -13
10 -13

-15 53
-2 -12
-116 576
8 -24
20 -29
2 -2

-38 -72
22 -72
35 -88
100 144
419 972
-130 -456

9 21
13 9
20 47
-30 20
-26 8
-9 16

-158 -822
-626 114
817 -647
858 376
-896 -111
-100 677

-107 403
-122 347
-244 -202
57 938
-184 205
-493 -729

55 28
7 -58
586 988
-22 6
16 -16
-8 -13

5 -3
-2 -3
-3 5
0 -3
-5 1
4 5

-41 214
279 188
4 -307
62 90
-278 -445
104 643

-3 -1
0 -5
3 -5
225 94
12 1
5 -2

66 20
44 -53
34 16
12 -57
10 13
-22 9

-569 -508
975 -329
929 -705
-669 57
-489 -960
-39 -323

7 -10
-3 1
-3 -6
12 -19
-17 8
6 -11

19 5
-48 -44
123 81
5 -5
-5 -3
2 -4

2 -32
59 31
93 -14
21 -11
-32 13
-89 -50

35 -45
-39 50
-49 33
-25 37
17 -2
11 -49

4 -5
2 -3
-1 1
113 -116
13 -14
-38 38

243 -121
-435 -392
-229 -95
37 -418
257 -138
-460 -389

-6 -4
-1 -11
-19 20
3 -5
20 6
-16 -19

-17 -5
-4 6
2 -27
769 -228
-40 9
597 -177

-824 636
-678 498
612 -478
432 -88
220 -342
308 -69

-7 20
-2 30
-15 1
811 132
-952 -110
46 27

-62 11
-89 98
-23 -63
-74 29
-77 18
25 -73

506 467
825 78
813 206
175 984
187 856
494 595

440 547
376 -37
476 -958
96 303
286 151
-411 91

635 778
464 576
718 679
27 -103
-88 -213
-42 124

87 17
62 92
-98 15
-89 -12
86 20
-64 -87

22 27
0 0
-29 -27
-724 -691
-987 -941
10 6

0 0
3 4
2 0
-1 -4
-2 4
0 -4

19 10
31 -47
23 -34
29 -50
15 4
26 -17

-71 70
-56 99
53 -49
-86 41
83 9
68 -20

1 -44
-93 -23
58 78
-138 558
-143 105
-118 -163

13 13
-11 -17
-19 -16
13 2
-8 6
-11 -6

0 4
-3 4
3 -1
-20 18
-815 531
90 -53

4 33
-18 -19
30 31
21 -22
-33 9
19 5

24 -21
-13 37
20 -27
-41 -5
34 -6
-37 1

-42 42
-12 9
-78 -112
-10 53
-40 -79
-69 -13

-89 90
-156 144
-521 450
-3 66
15 -26
-3 22

554 -498
-917 858
497 -251
514 679
64 -382
269 737

71 16
71 -12
-43 -62
-210 -115
170 -39
798 95

-37 29
-28 41
5 19
-16 -9
-22 49
-7 3

-33 -19
10 2
24 45
-19 24
47 49
-36 -6

321 782
489 260
-811 650
-89 954
-822 604
71 194

-37 98
-85 63
-56 43
60 -37
21 58
50 38

1 11
73 50
-51 -18
-3 -2
5 4
-5 4

0 4
-4 1
2 1
2 4
-5 1
-4 4

183 42
411 491
-421 -860
-437 -34
143 -237
323 -413

68 47
16 68
35 57
916 -533
65 32
-104 144

47 19
43 4
-5 -18
5 -20
9 -5
-35 -12

17 93
-95 54
-38 27
38 -9
36 84
93 57

-62 68
14 14
-2 -72
-128 54
255 -89
-927 333

-20 -501
902 -576
-960 174
-942 -426
-951 -126
893 -276

176 -300
-292 720
-7 95
22 30
94 30
17 55

15 14
360 435
614 745
0 -5
1 -2
-3 2

-35 29
38 -4
24 21
10 46
-7 -21
-21 4

73 -78
77 58
35 -59
-76 100
-52 42
-94 -75

-11 -20
-7 -38
25 3
-22 11
-43 13
-9 45

-38 -316
-441 -436
197 24
402 -374
-253 -164
-216 -342

3 2
-3 -4
4 -2
50 30
-10 0
-7 2

12 13
-27 14
-30 28
49 -39
920 -725
438 -346

209 -474
-417 102
-470 424
-104 -186
-470 -277
-226 251

55 -900
-209 -897
831 -707
-345 265
-427 381
226 107

-77 -78
1 42
63 -14
43 12
69 -71
-67 -91

25 -664
-383 -139
-484 36
53 -202
441 -375
-430 -34

-4 -12
5 13
3 -12
8 -2
11 18
-3 -17

323 -46
-53 230
40 310
36 1
-185 350
-5 318

-373 -489
497 689
447 660
-186 -365
-98 -100
220 475

47 29
-87 37
24 -65
84 -5
-36 88
64 -96

-903 289
58 -85
379 -215
-68 -9
75 -83
52 -37

-488 487
690 -345
-725 547
118 -143
-257 -149
202 -479

6 3
9 8
9 9
2 -6
4 -1
-1 -12

917 -358
515 -413
125 87
341 -304
811 -70
906 -496

-168 -601
-79 -377
14 -122
-35 -59
11 10
20 -17

-3 0
0 0
-5 4
-4 4
-2 0
-1 4

-23 0
83 52
21 19
0 -23
2 -11
-22 -18

30 -26
67 48
-10 -1
-701 -453
75 4
688 360

485 -264
184 1
-153 374
-22 179
567 -730
186 -181

9 1
-12 19
2 -30
261 547
392 837
-6 -50

93 -468
-125 -98
443 407
-259 -433
832 7
972 357

12 6
252 127
268 135
4 5
-4 -3
2 5

-44 196
306 -243
-172 388
562 617
-62 129
270 371

19 -7
-11 1
19 6
13 -8
-5 -20
-3 3

-37 -17
-40 -8
-6 -14
6 -50
3 -41
-48 16

-52 45
-99 39
-5 43
-3 -12
-11 4
-9 47

-293 -236
915 -372
-698 249
-595 -202
-945 248
296 169

-16 -40
98 4
-70 -47
86 -56
-72 -57
84 -66

72 9
16 -71
63 24
83 34
10 -61
32 -11

-770 -247
591 188
-16 -6
0 2
-2 -1
1 -2

319 398
-413 -297
169 253
-341 -426
148 296
121 260

63 69
87 87
76 45
-72 69
-73 -72
-65 246

295 -980
-410 -195
78 -54
-974 433
-898 -336
-269 -352

13 14
15 20
-14 2
7 -4
-11 11
-19 10

-1 226
-151 393
-115 -395
205 -128
196 69
-386 343

-52 -65
-90 -62
49 59
-136 -36
885 -687
-936 479

121 184
271 119
277 418
-453 -67
497 46
477 -4

-6 0
15 31
22 47
-8 -37
9 14
3 -11

-255 -266
-464 79
49 410
30 -442
-27 241
-331 -435

24 -54
-24 78
26 66
-38 -9
-75 30
88 21

11 -8
25 -11
-172 31
-2 -5
-5 1
-5 0

-48 15
40 30
-28 25
-26 26
32 26
12 16

396 -570
-40 22
22 -60
-25 7
3 26
3 -8

3 6
7 13
-1 5
11 -4
-5 10
-9 12

36 20
-2 38
-17 49
22 -24
-12 -4
-25 8

-155 356
89 -284
-450 -608
872 -600
-816 352
-938 672

-618 664
669 410
471 126
-816 380
273 262
-24 676

10 -22
-65 29
96 -75
88 -86
-54 27
63 -69

-77 92
55 60
82 -39
-83 1
-44 84
49 -31

18 0
-20 -6
-7 -3
-3 -9
3 7
-6 -11

4 5
-2 12
13 7
4 13
13 2
7 1

-40 -36
23 49
40 -79
857 -304
145 -73
-532 160

-72 453
-12 233
-138 471
146 -540
346 -720
104 -435

-319 -934
369 -250
908 167
105 -37
-333 -109
85 -227

-10 36
-26 -9
-31 -35
-20 -16
-3 -4
37 13

1 3
2 1
-3 5
9 -19
7 -15
-50 96

-6 -14
-8 -10
4 16
12 -19
-13 -19
-14 -15

451 410
639 166
-196 -684
728 299
-484 -481
961 149

18 -29
8 -37
-28 37
28 -21
-23 41
-33 33

1 9
-12 7
3 1
-6 10
-10 -1
2 5

-15 236
521 -399
937 -404
445 0
397 252
-761 884

-4 3
5 -4
-2 1
-1 1
3 -3
4 -3

-3 -4
-1 -5
3 1
-763 685
131 -111
-6 11

-57 259
3 -19
30 -144
0 -2
1 -3
-4 -4

662 586
142 -684
457 -180
345 650
-312 650
-372 860

-49 180
-57 206
169 -402
-89 14
-32 27
-9 50

557 222
243 -52
747 -823
-407 188
-911 959
75 205

-23 94
27 18
2 -26
78 -90
-68 14
47 -96

-308 -615
160 189
-52 -179
36 -6
100 -82
-24 93

2 -5
1 4
3 -2
5 -2
0 1
-4 1

-630 626
-760 -5
-930 -670
-200 471
-160 505
-670 592

17 -60
-9 47
42 -45
-34 32
67 -30
-59 17

-27 2
-20 -11
-17 -5
-76 306
-151 678
-24 47

-450 -168
-563 59
702 -522
-169 349
267 356
705 -145

-1 -10
5 12
10 -13
13 -2
-12 -7
-9 4

-121 -313
98 -433
28 47
791 -185
481 745
742 -350

287 138
-36 432
-113 490
-105 496
-498 849
269 170

-15 14
-4 19
-10 5
-11 -18
-19 15
-7 -19

17 -7
-6 16
16 -7
-12 -7
4 16
3 16

674 127
5 7
-924 -161
27 -17
-22 14
-4 -16

-472 558
-185 803
645 -443
279 -442
418 250
-387 278

4 1
-1 -3
2 0
-5 -5
0 -1
-3 -4

-24 -39
-26 -41
-33 16
8 25
9 22
-32 17

-166 172
-78 -60
-149 27
-97 -33
-9 19
-77 79

961 834
721 594
-704 -530
217 741
-623 335
817 945

11 14
-65 -32
-79 -55
40 -55
35 14
14 83

14 -4
15 5
-9 -4
-17 -7
-2 -10
-13 6

-36 -11
733 318
27 16
-10 -1
-14 -2
30 18

40 64
19 45
-97 -68
8 27
-13 8
-45 -29

16 78
50 -54
14 -14
77 -156
-29 3
49 -146

-29 -25
-15 -19
0 46
20 -4
-5 -3
-10 30

36 2
17 30
29 38
-37 -6
16 9
40 25

23 -20
-12 -8
-13 28
354 24
-53 12
250 24

15 -42
-44 -8
-21 -30
44 -25
-8 -39
-4 -28

5 3
-1 -4
1 3
4 3
3 -4
0 3

-1 -2
3 -5
-4 2
165 -616
186 -693
1 -15

0 0
-2 1
4 -3
1 -3
-2 5
0 -1

-293 67
-398 -478
177 -3
674 -500
266 -942
940 434

34 140
251 620
-89 -132
25 -39
-14 76
-6 52

-13 -19
-223 -633
-91 -246
2 6
-4 20
17 8

-17 4
-538 -7
318 11
-1 4
0 -4
4 2

-92 54
895 -808
-653 800
213 -293
421 396
-107 -138

-5 1
2 -1
1 -5
-4 -1
-4 5
1 -1

-22 -129
7 14
28 118
4 -5
5 1
3 2

29 -20
6 -6
2 4
-30 26
-62 48
61 -42

-5 -12
27 27
12 23
-97 -226
-39 -39
-92 -202

770 981
367 354
517 168
-272 -61
-71 241
64 -397

0 -1
5 -4
-2 -4
-360 1000
-6 13
-11 27

20 -79
-86 1
-83 -53
-8 -32
-30 -93
-64 62

487 -484
744 -534
581 -794
-225 -113
-570 -698
-502 -800

95 78
-26 -29
90 70
44 83
75 46
49 91

602 -305
40 -47
-143 37
-13 -23
-11 -23
-6 -26

-195 -259
-958 554
680 -614
1 93
-963 936
407 -719

15 -13
-14 15
3 -12
-9 -11
10 13
-2 14

-2 2
0 1
-2 5
39 -257
-5 32
-3 19

-67 53
69 22
87 34
-21 -38
-73 49
-3 -26

-4 3
-2 2
1 2
653 -465
-16 14
-766 551

-19 29
-27 5
4 10
29 -211
-33 55
-204 800

-98 3
46 -12
-18 56
-78 -43
470 -758
614 -962

-5 3
-2 4
-2 1
699 747
11 14
-402 -426

89 37
14 43
31 56
82 95
-44 62
-61 49

-40 -17
-49 -5
-8 -29
26 10
35 -2
21 -14

33 -20
-5 -6
24 -20
-40 -6
-49 -20
-49 -6

-1 0
2 1
5 0
5 -2
-1 -2
-2 -1

-619 97
38 -5
300 -46
-22 3
-5 21
-13 0

49 -21
47 -22
-17 17
41 -25
-44 39
14 -3

826 -725
895 -660
541 208
478 471
940 789
483 295

-3 3
0 -9
5 -6
10 -3
-13 -3
-8 0

-5 -4
-1 -1
-3 1
-66 -255
3 17
-28 -105

40 36
1 -21
25 -10
12 -29
29 44
23 -37

-343 -57
-153 177
-13 189
-117 220
131 231
43 350

-5 -48
-19 -32
42 -46
28 15
18 -155
36 73

-273 340
-969 77
-21 394
-46 -419
211 -14
2 -455

-133 263
-30 68
-1 13
2 5
5 3
0 3

-358 -242
-12 -7
733 499
-3 -1
-4 2
-2 -5

-12 -42
30 12
-16 -6
2 -8
-46 -24
35 -33

-458 284
-165 92
-183 119
781 730
-350 -164
-197 -47

919 985
-498 -504
-15 3
-19 -4
-18 -24
18 24

-10 1
-1 7
-5 -14
15 -8
10 -15
0 4

-115 214
-358 -431
169 425
-74 -220
291 206
-196 -1

45 379
354 -155
294 130
-7 -505
314 470
166 195

-10 40
85 90
98 -32
11 -62
1 78
-80 -12

106 -855
400 -734
-500 -569
-125 992
-719 290
-950 -248

175 -237
106 -282
192 -4
195 762
83 662
155 863

-20 -37
37 -32
37 -31
-20 -9
-20 -10
37 24

-19 -4
10 11
9 11
-20 -11
-17 0
-17 5

-65 -19
89 66
-60 -14
556 -173
119 -75
4 -50

83 118
-15 -9
-19 -14
-5 5
2 -5
-4 1

16 -8
-24 -20
-26 -22
-114 -167
-438 -699
14 43

-5 18
-23 -5
-14 -7
-32 -6
49 -33
46 -35

21 18
-47 3
-43 -13
16 -44
-25 -3
34 -34

-794 38
-7 -308
-168 -9
987 66
599 73
438 -387

-2 -5
1 3
-3 -5
1 4
-1 -3
-1 1

5 1
4 -5
-2 2
20 -18
205 -214
-447 477

28 399
127 83
-26 525
64 -76
24 -66
-53 68

45 26
45 -15
-50 -39
-50 32
-50 -9
45 3

300 -378
-288 -413
-232 -253
867 866
412 -58
622 166

-415 -392
135 273
229 -343
-107 -259
-695 -112
-313 -890

-414 -701
-153 -113
-44 123
-59 67
-20 91
-72 -5

73 -43
55 -13
6 3
-58 44
1 77
-67 59

-300 344
-158 -356
281 484
406 -468
-517 -636
482 8

-2 -2
3 2
-3 -3
-147 -138
200 186
19 17

-64 -85
-42 -74
36 -42
143 -27
147 -25
-30 -75

-5 -2
5 -3
-5 5
698 459
-641 -427
18 9

745 778
792 827
15 17
-3 3
-5 -4
-2 5

-946 648
-76 96
126 -28
33 56
-22 18
1 -32

11 -52
-1 -8
67 -258
-3 3
1 -1
0 2

7 18
-7 7
7 5
14 6
0 3
14 -7

693 290
-73 257
-966 313
-321 403
470 261
417 362

4 -37
24 -17
30 -26
-32 17
-14 40
-26 8

-508 -792
590 176
55 374
27 -990
569 -847
-487 231

-4 18
5 27
3 20
39 36
177 99
-80 -18

-17 17
97 366
58 246
-22 -9
-23 23
-21 28

42 50
53 49
-49 -60
-82 -57
-71 -58
86 46

871 598
569 670
-223 815
-374 851
-72 779
720 634

85 -55
63 3
20 -37
-45 -19
41 61
-77 -88

-210 55
-306 666
-69 -826
-315 685
-189 -176
-288 513

81 -388
409 -140
-722 145
307 -62
-200 -329
-129 446

-320 -101
472 -947
57 -773
-841 -221
278 -569
-277 -587

642 -546
579 -426
208 910
-115 42
-451 266
-64 -110

19 17
8 -1
15 5
18 -15
12 19
15 12

-29 904
19 484
65 951
-209 -194
-205 372
-135 -157

655 -108
963 224
437 534
-57 440
259 671
7 -368

-152 134
-50 46
-273 -262
74 -490
-161 10
193 -526

9 -1
6 2
6 -1
9 -14
9 -11
6 10

35 55
242 14
452 -31
-91 -12
-71 3
8 27

-27 -8
-22 -13
9 -14
368 797
-50 -45
-443 -837

10 72
-2 0
-1 7
4 -4
1 -1
1 3

-5 -4
-3 -2
2 0
-46 -182
5 7
-49 -193

9 47
-9 13
43 -31
37 43
34 -48
6 -44

7 -28
-158 606
-215 826
13 0
19 -7
-29 22

252 199
202 131
-155 -230
-474 243
-430 -370
-452 -205

25 -56
39 143
95 761
6 44
37 -38
-7 -2

-933 30
37 541
939 706
538 174
-850 754
-725 485

11 -28
14 -23
-16 17
-10 -35
72 -9
-156 -78

121 -567
-120 -547
718 688
-361 -527
-602 -507
-487 788

3 12
-2 19
-13 20
3 3
-6 3
14 11

-37 -43
-14 -6
33 15
45 7
-49 -35
10 -22

123 -20
349 25
39 -40
-29 -28
-25 -8
12 -8

-18 -16
-833 -515
-622 -386
-23 -3
25 20
-13 5

0 10
-6 -8
-3 9
-15 5
-3 -7
-4 -10

-6 -2
-16 -9
-8 -8
14 12
2 -1
4 5

0 -19
25 -44
1 -7
-30 46
-2 7
-1 -6

-151 106
-10 9
-78 56
-2 -3
3 -5
1 2

-18 83
-66 74
76 -45
-20 -63
28 -54
30 92

0 34
5 -12
3 6
5 0
4 1
-2 5

25 21
28 3
24 14
24 -33
23 -672
24 -72

-7 15
3 -8
35 -7
25 16
13 -31
15 39

560 -32
884 125
788 137
544 -570
900 73
424 -840

4 2
0 2
0 4
20 5
-212 -33
-84 -12

8 2
-22 -30
-26 -1
-660 -122
-52 -28
793 101

7 86
98 -21
102 3
8 92
4 68
100 -9

-102 358
386 -322
117 175
268 -216
-30 49
124 -288

3 11
-12 5
-11 -2
15 1
9 6
-6 0

-522 283
67 626
-586 -20
143 -120
138 330
-202 -373

19 -4
3 0
-4 -5
14 -5
11 4
7 -20

-1 16
-28 -29
-4 6
15 1
-892 -704
999 766

5 9
-1 -7
12 12
-5 -2
9 4
-8 -10

-21 31
1 33
49 14
27 12
-10 32
12 34

88 80
-20 27
-52 -49
86 29
-359 -718
645 982

-167 -581
-188 -498
282 78
431 431
96 337
490 295

-3 -3
-3 1
-4 1
3 -8
313 -219
169 -121

0 -51
-83 47
-66 47
797 582
-741 -558
9 -1

-177 -619
-648 -994
-93 -419
597 -749
-567 -831
-849 -797

-2 -7
-3 -7
-61 -25
-1 -4
-2 4
-4 2

4 -4
0 -2
2 3
4 0
-2 1
-2 5

-6 -14
-50 8
31 -17
10 40
-29 -49
-13 5

-141 -192
44 613
-89 60
-53 88
2 -37
-18 95

12 -58
95 50
97 58
9 -106
-77 -209
-73 -199

-9 -45
-27 -119
5 12
0 -4
2 -2
5 -4

-477 306
-532 167
882 451
-367 584
175 309
827 312

2 -2
4 4
-1 -1
2 2
-4 0
1 5

3 -10
-15 15
-5 -14
10 2
-6 -6
6 17

-587 17
-324 20
7 9
-168 -306
-160 -232
-191 -33

12 -12
3 1
-1 -7
-10 6
14 -8
0 -5

-4 -5
-1 2
5 5
-113 -116
-6 -20
-3 -17

-689 745
56 177
-837 -307
440 952
530 -642
-106 980

48 14
-45 -25
38 -21
-86 -73
25 29
-59 -74

7 8
-14 10
-11 11
-2 8
-2 11
-11 -6

-45 892
-374 -767
93 -886
64 733
589 -921
890 -319

-3 -5
1 -3
2 -1
-37 -1
303 -15
12 -3

64 69
51 -74
6 15
36 -93
66 -55
-13 98

-30 3
26 -24
18 -3
30 43
14 -57
166 833

9 -8
35 2
37 -38
-43 25
37 15
-21 9

309 -7
54 3
-27 5
-25 -4
-10 11
0 1

-1 4
-10 4
-8 0
4 12
-1 10
-3 2

86 93
-1 -25
-85 34
407 742
-193 -143
-10 152

4 4
4 0
3 4
-1 -4
-2 -2
-1 0

-10 -12
-7 -6
9 9
-4 0
6 3
13 0

-4 -26
-24 -8
-24 45
21 -22
-19 14
6 18

212 116
-318 -481
50 -166
142 652
25 -800
105 -258

548 -182
-5 -10
-300 76
27 -33
-23 33
54 -5

289 480
132 211
485 -988
337 336
-1 330
724 -495

-245 217
415 -168
374 -93
1 -233
-8 -381
-204 142

-857 -259
797 961
-835 -149
-979 176
-681 -39
477 -354

-2 -25
-27 1
-26 -2
21 -45
-16 -32
2 -37

-43 -16
37 16
-3 19
-33 7
27 -7
-23 30

97 489
-56 637
-9 560
-332 22
-35 126
-10 151

-36 -79
71 -63
50 7
1 70
-1 -38
-74 -67

51 -44
433 -590
-30 72
12 21
11 17
27 -5

689 681
143 675
719 559
-98 -916
-71 -951
637 605

-26 -51
48 47
-79 12
911 838
-75 -100
-527 -520

-2 -1
0 -4
-5 3
-4 1
-3 0
1 -5

-46 -17
-87 67
19 33
-713 -54
603 -133
165 -101

148 -245
208 -396
28 17
88 -98
88 -78
-32 22

-423 147
-386 602
78 862
-730 17
-290 692
178 952

-30 10
14 -4
-11 3
3 4
-3 3
3 -3

-7 14
-10 -1
6 7
11 -4
3 -8
-13 11

-756 -13
-76 116
846 282
354 201
-112 -32
-22 0

-105 -71
305 289
-102 -83
-55 -43
61 -23
-7 17

1 4
-1 5
30 -4
-2 -53
-17 -754
-9 -381

275 588
360 900
-74 412
294 934
-27 174
-502 -658

6 4
7 -3
7 20
18 4
9 -1
8 1

-489 129
-255 33
-398 122
-242 -196
-445 49
-218 -190

44 -55
37 67
59 -68
22 80
87 8
29 99

93 -33
177 -242
177 -140
-63 -31
73 29
-97 17

-675 229
-847 43
-829 -164
-721 217
-794 245
-454 -419

7 -419
-320 -290
259 -473
-890 100
665 -785
-72 -356

936 -43
360 -693
479 -193
-147 -168
817 -543
-485 182

47 -25
-45 50
-46 32
46 -43
-48 -4
-49 -22

-21 15
-19 -15
-18 21
922 -391
36 -39
743 -320

1 0
-4 3
4 -1
-108 23
-7 3
114 -21

-151 -16
-88 -30
-899 18
4 84
-70 -39
-92 37

305 -480
349 451
316 209
523 -83
236 609
895 -910

-5 2
5 3
0 4
0 -2
0 -5
-5 -1

428 -243
297 347
436 -129
118 253
420 -357
122 310

574 -505
261 130
684 -659
838 -873
777 -842
-673 -460

-15 14
0 24
8 29
2 27
-27 -4
-73 -53

8 1
2 3
5 11
14 5
11 9
8 -5

-2 0
-7 -10
12 -12
20 9
20 4
-20 -1

38 -19
-12 -12
-8 34
-49 -1
-25 -16
39 41

9 -7
15 -12
-1 -17
-9 11
-17 12
17 -6

210 740
353 -480
61 580
794 894
896 856
-850 -500

40 -71
65 -37
13 61
74 -81
-21 71
48 5

11 -6
10 1
2 -7
-10 -10
-18 -4
6 -14

-285 279
-384 -63
-431 286
-484 -238
-303 -15
-487 38

77 -83
39 4
-63 3
-15 69
-56 -57
31 -7

153 -321
502 320
732 900
-378 20
369 -467
207 -435

4 3
3 -1
-2 5
-10 1
-16 24
-24 59

-135 585
-879 591
-357 417
111 -685
-918 794
-156 -424

24 -20
-7 0
-3 15
-44 20
809 780
-84 -15

17 20
9 4
-226 -471
0 -5
-4 3
3 -1

26 5
8 39
-6 -26
-24 8
-42 42
44 -29

485 -285
71 165
284 70
-182 -345
-346 -235
-108 -50

11 19
2 -5
-2 7
14 15
0 -9
19 9

-19 -9
-5 -4
-1 9
1 -16
-9 -17
-11 -1

19 -55
12 26
32 51
7 -70
-28 -24
-48 -49

3 8
3 14
-8 -12
0 -6
13 3
10 6

149 -36
92 -29
594 -295
79 -42
-80 -25
44 35

181 -832
-8 -113
192 -869
-38 92
-12 -81
-30 74

752 -841
-42 913
514 425
-638 379
-618 890
474 -597

-59 -2
-358 -492
183 322
69 -10
76 -180
176 492

-8 14
-4 9
29 -28
7 344
-7 -155
-2 22

-1 -1
-2 -5
-4 5
-461 -987
-278 -594
6 16

490 800
289 -88
664 -255
48 671
-461 246
865 633

-46 7
40 27
20 33
24 -14
1 -30
7 14

-12 5
-13 -1
13 -11
14 -5
15 1
-14 -7

-3 -9
-294 431
-567 844
-7 28
-9 19
-18 10

-9 -8
-13 13
-12 12
-14 14
-8 -9
-7 -10

10 -29
-12 9
1 -2
-46 -91
-16 -25
-59 -128

-32 6
-43 82
37 42
-81 22
-337 -818
-394 -983

-51 -51
-55 27
-45 -82
-61 58
-74 -11
-69 42

-3 -4
2 -4
3 -3
-4 -6
-9 -11
-7 -8

-676 -78
277 33
-15 -1
-4 1
-2 1
0 -4

5 0
-4 3
0 -3
2 -3
3 3
-5 -3

-28 8
-25 38
-48 -18
47 -25
37 -38
-7 -43

38 -384
-436 -349
208 -251
-972 785
-434 316
254 -412

10 -6
8 -8
-13 15
-6 -6
-14 -18
0 -8

-89 484
727 848
739 824
307 -333
643 -985
379 -544

-66 -21
-54 93
-67 -47
22 35
-160 -138
772 749

719 411
890 -227
131 -289
726 467
-519 -904
-50 -785

-337 632
-553 196
-445 88
741 -968
672 -392
846 -824

-3 9
23 -18
13 2
24 5
6 16
16 -4

-70 946
-122 749
58 -139
236 797
303 920
-53 -952

131 332
145 16
329 -414
-18 -28
414 -471
74 -243

152 33
321 471
256 115
204 74
100 -8
217 389

-21 -12
12 6
-55 -21
16 -9
45 17
-2 -36

597 -982
-900 -111
248 -691
111 452
-417 -428
-218 153

499 -918
-319 366
393 -816
406 -83
486 -199
-297 278

10 22
18 15
26 27
44 29
266 112
102 50

-12 13
-4 9
-23 3
-15 -35
-19 149
-7 -372

11 6
40 -27
27 2
-10 37
-24 -11
-2 35

-49 97
-7 35
-4 -57
-38 -36
56 -58
-46 5

138 -442
-385 -141
-519 -40
138 -509
391 -372
-437 -771

1 4
-1 -3
-1 -4
0 1
-1 -5
1 5

-91 -55
79 59
-43 -73
31 77
-75 -61
26 -10

-512 872
916 959
-637 813
-60 694
-522 -173
-91 477

0 47
-79 89
-47 95
4 -28
67 -73
56 -94

-27 49
23 -17
43 -35
25 19
-24 -7
39 35

-162 224
481 -169
-260 216
138 -197
475 276
40 -205

-16 -8
-348 -129
-924 -338
14 1
-3 10
-24 3

6 -12
7 -3
9 -15
4 15
6 -7
4 0

31 101
140 277
-87 -42
-324 -461
286 -694
-341 -463

823 -554
-194 389
836 -240
389 -105
-842 -687
862 388

-569 -535
-372 -169
-342 31
-437 -635
-875 -321
-667 -535

368 233
-356 -233
177 155
-54 231
237 -76
197 78

-45 874
-847 510
-45 226
449 924
-847 144
449 523

-481 125
16 -426
-406 308
198 459
-488 -333
5 429

-795 448
-885 642
-291 -352
-621 120
-903 634
-48 -833

625 -215
-233 282
939 -304
65 -88
-198 -33
46 219

7 -4
-49 18
42 -74
849 -324
162 -94
-240 36

-4 -22
18 -3
3 -23
903 102
-27 -53
532 40

-880 158
-27 232
-631 76
-366 876
26 392
267 -131

-13 -1
-1 19
7 -28
39 -35
19 -8
-33 26

-961 -317
-663 -32
-469 885
-909 -633
-404 490
-456 806

16 3
-651 -337
-759 -392
3 -4
-1 -3
2 5

44 -794
-127 -338
-415 765
787 -552
478 -888
279 -919

-4 1
0 -5
5 -2
-17 -47
17 28
11 16

-48 37
52 65
-100 22
19 58
-90 -62
23 62

-335 -873
-211 -155
302 667
-596 378
-840 -421
-542 -537

-106 129
-46 51
-98 116
30 -41
-68 88
-44 58

0 20
3 9
17 -17
10 15
10 -4
14 13

285 516
-512 -124
326 -204
137 -544
-783 976
-972 636

2 1
-1 -1
5 4
153 -195
16 -17
-151 200

-18 17
-7 -12
-11 18
-9 3
-4 19
5 5

-352 802
349 793
-205 911
-451 332
-468 55
-762 -163

-30 272
-28 195
-25 15
-7 -12
-25 27
-6 -7

-701 -555
-778 -485
535 159
925 -292
943 50
564 710

-45 -37
-31 -5
-36 -14
-33 -12
-23 6
-25 -1

5 -1
1 1
5 -3
3 -4
-3 3
1 -3

59 -33
82 5
41 -100
-91 -20
100 72
-63 -11

-219 -468
15 396
-235 167
-49 -931
-105 647
42 -595

193 -117
227 -455
216 -540
-156 -496
-30 -510
559 -523

23 -97
-79 -88
16 -96
-2 -99
71 -89
53 -92

-359 -941
706 -396
898 245
106 491
799 918
-74 -454

71 540
-551 -631
-787 21
-47 866
-461 854
129 -776

147 -659
-193 -908
-187 741
-360 -208
320 290
-527 492

-11 -3
-40 5
17 -10
-1 -5
4 3
-3 -4

-8 5
-297 223
65 -50
-2 1
0 2
5 -5

359 -352
266 -423
104 -189
706 434
530 -333
706 623

345 -298
-661 -40
-160 -283
220 177
-452 353
-164 449

6 -1
9 15
-4 -11
-15 5
-11 11
-8 -17

-41 84
-88 -34
-38 -84
-71 4
88 -45
13 30

172 -894
318 -45
540 246
638 225
587 607
341 -413

717 610
503 864
161 -356
396 991
610 737
375 -610

394 266
-559 866
468 273
-115 908
-189 901
24 231

-50 -49
-51 -42
56 48
-49 -56
54 62
55 55

-281 382
-969 -240
800 712
-232 -221
63 693
456 401

50 27
-34 39
-27 37
-6 35
-27 -17
-27 -13

-13 5
15 -24
6 3
52 -45
333 -258
-571 429

34 70
97 -56
25 -71
-278 -684
301 278
166 71

2 3
4 -3
-3 0
174 338
-192 -358
-8 -8

-132 -198
444 -751
720 -967
483 -755
-71 -190
-319 12

3 -2
-1 5
-4 2
2 -3
5 0
-3 3

-437 859
853 954
-181 881
225 650
921 424
-413 863

342 -130
105 68
322 5
251 284
223 117
440 410

-63 186
99 105
-500 -187
399 878
-96 -220
158 537

-2 -2
8 5
-3 2
-12 -9
-13 -5
-5 10

-2 -18
1 -2
-9 0
11 -4
4 14
8 -20

-2 -2
4 -2
5 -5
-3 1
2 -5
0 1

66 24
46 -39
15 -93
-75 60
-26 -33
-18 -66

-82 147
-365 934
77 -264
-44 46
-104 106
-296 445

-59 22
3 82
-53 -70
-12 -67
-38 79
-79 76

4 -1
9 7
-17 -17
-7 -1
-11 -3
7 -16

798 -240
678 -222
-953 219
285 -135
336 -108
438 408

771 -204
15 13
-725 225
34 11
-8 25
99 -18

-338 322
-25 9
-372 332
881 384
509 400
-556 466

19 -1
-5 5
15 10
-229 1
149 4
-57 3

4 0
5 -3
1 3
1 5
4 -2
4 -4

227 -522
870 424
274 -79
-322 -582
917 867
321 364

-50 47
-73 -93
36 59
-83 -26
99 -69
-93 41

-233 97
-852 610
391 17
-221 93
-829 669
-222 539

11 2
-9 -1
11 -6
-9 -7
-9 -15
11 11

1 5
-5 1
-1 4
-8 -5
8 13
-17 -15

-11 -5
10 2
9 -5
5 2
-2 -5
-9 8

-840 -892
-446 -923
186 -407
540 -647
165 -865
-307 -545

4 5
5 -1
-3 -5
145 -427
-3 1
3 -16

13 9
95 61
-3 -1
3 2
2 4
0 -4

28 -16
-12 2
6 28
-37 12
-83 -814
-52 -287

-7 -6
-15 0
15 -15
-13 -12
-4 -6
-5 0

-42 73
182 -191
-426 312
-105 -90
225 -400
109 -436

7 10
-13 -14
6 14
-7 6
8 2
12 -6

-5 3
-3 2
1 -2
1 -5
-3 1
-1 -1

188 401
212 359
-198 -456
301 50
61 470
-26 469

-2 -2
-3 3
3 0
5 -1
2 -4
-4 -1

-45 -40
10 4
-13 -9
42 35
16 16
33 17

88 -70
-88 -17
85 -63
91 -77
-85 -24
94 -84

-46 90
26 84
-585 132
32 0
32 21
22 81

309 -533
142 -58
-942 905
-889 947
-775 430
-192 892

-10 -10
-7 -2
-9 -13
1 8
-6 -5
5 13

-46 -17
22 63
13 38
353 318
-140 -47
-995 -682

22 -40
15 -14
-30 34
-15 18
-4 -3
-28 -33

-130 -236
-651 -538
-178 -794
240 -175
-197 -712
-311 -220

-8 -5
10 -5
15 -12
-13 2
7 -4
-4 -7

-87 -6
-9 -42
34 -12
-26 24
385 -390
-89 78

-232 -660
-66 196
84 192
-657 -235
119 -719
-21 -798

-4 4
17 -20
-13 -13
-31 -47
-20 -5
-15 -38

341 -147
308 274
492 -693
407 -989
360 991
393 570

205 -228
-547 319
265 -261
-236 189
-187 121
-371 213

-4 -8
2 -14
-2 10
8 17
1 12
4 -3

583 954
527 281
61 171
541 128
-167 -589
-581 -574

-26 80
-71 67
-62 -61
-83 20
2 -28
-19 53

-19 -14
82 15
-17 -84
741 935
79 -24
103 0

-738 951
-26 11
57 -99
26 -29
17 -26
27 4

364 274
-682 -846
-816 -514
-978 -419
327 493
838 469

404 -32
174 127
234 -287
299 367
-175 -715
521 693

-672 -434
13 -10
638 378
9 -10
-27 -8
3 12

325 -665
813 207
160 -125
626 -641
348 787
944 -809

-35 -127
38 -57
119 48
7 -4
26 -42
76 -37

-759 425
101 665
337 842
-363 -403
-363 -226
-903 828

-5 2
2 4
5 -2
-2 -4
-2 4
4 0

-25 20
-16 5
52 37
60 -49
37 -47
-22 15

-4 -1
-1 -10
-1 -7
-4 2
0 -13
-5 8

24 -7
43 -40
-29 46
-16 29
-8 43
-3 -41

369 -80
-360 -139
-75 -376
-821 -619
-888 -491
277 113

-556 -9
-92 384
-596 219
-492 285
-116 207
68 492

-57 -367
57 -130
351 -492
-678 775
-384 413
237 -729

130 352
-464 451
28 437
-179 -643
-248 -449
-266 187

-8 5
30 41
43 21
40 2
-21 25
-18 44

110 311
70 407
378 -432
100 335
60 431
198 0

-406 -211
-292 95
910 841
197 -907
-997 236
-33 -450

-11 -35
12 -9
49 50
6 22
7 30
-45 9

8 -16
130 -189
-54 72
-4 2
0 4
3 3

-424 27
-181 417
-363 33
181 56
263 -180
416 -348

548 -281
-133 -941
826 -241
-570 -914
-418 -484
-366 691

15 30
11 31
45 -14
-21 39
-25 40
37 -12

-67 98
88 -64
95 -89
60 36
-39 -2
53 61

9 -7
10 -8
-1 -1
-4 2
-2 1
2 -3

-7 -25
70 -13
86 68
9 56
5 -65
54 -94

706 -528
237 -675
684 -34
-92 -152
746 696
-120 100

17 -8
11 8
-7 -14
506 893
510 901
37 60

24 -1
70 44
-14 48
11 94
83 -51
87 -4

5 -3
3 -4
5 -1
1 -3
-1 0
-3 5

-2 4
-212 -214
-44 -40
-18 14
-30 -22
-30 -29

170 -644
733 680
243 -967
806 357
97 -321
879 34

-962 64
80 575
-841 -265
-41 904
629 197
-348 624

487 -199
117 -176
-276 -258
-184 162
209 244
186 139

198 356
146 482
916 -559
44 -508
-560 -694
-586 -631

17 -41
6 11
37 -36
26 16
46 21
-3 -46

-91 66
22 -80
-85 90
30 -48
-25 31
-37 -17

-481 -252
239 270
158 162
-26 160
393 86
159 212

5 -5
-5 1
-3 2
6 -17
-9 11
55 -107

-53 63
-21 72
87 77
-35 59
90 -30
57 -13

667 365
238 24
947 -355
20 322
357 637
512 -418

49 47
-80 29
-33 -4
15 14
10 -49
-71 -49

95 32
-49 61
-57 87
-67 -100
-56 -26
-2 18

0 8
22 43
-12 -31
-7 -33
17 45
-8 -18

-91 272
-340 -52
72 419
-100 65
211 14
-20 104

-14 -55
38 -39
-29 65
-177 104
-99 -622
-174 -7

52 -10
65 -89
90 51
132 -361
62 -96
-91 429

-3 1
3 -2
2 1
4 4
5 -2
3 -5

3 3
-4 -1
3 4
173 -116
-600 428
-16 17

-461 -278
-411 -249
-439 285
-391 -165
7 312
-175 163

-55 -394
2 46
-130 -972
-1 11
-28 11
-2 9

-806 835
-225 744
-582 417
909 -710
111 117
447 -510

70 38
5 34
81 46
-19 -70
30 -56
3 -54

-2 -5
0 -4
2 2
-12 17
-2 -13
-22 48

59 54
-27 -100
-7 -100
166 197
-940 -867
-24 17

-13 -3
13 -1
-4 -5
9 -4
-5 3
-11 11

-115 -132
483 466
383 343
-130 -285
408 -299
-262 -256

-778 -620
18 13
-534 -426
-4 -3
0 -3
-5 4

38 -798
110 -936
366 714
-759 462
-251 -100
-473 449

953 -160
8 -6
-170 23
-2 -5
5 2
2 -2

81 94
-30 12
-81 -19
63 73
15 -2
48 65

13 -15
-14 6
5 -7
0 -12
9 5
12 16

-145 566
-27 663
318 -72
587 471
394 -179
-24 -964

-73 -244
-150 -881
-55 -41
-79 -34
-48 -62
-62 85

29 378
273 651
640 678
654 650
-147 730
-486 647

-926 -26
529 565
29 362
-60 -543
194 428
191 416

-31 -21
-99 -37
-75 -33
-70 -31
66 1
27 -9

910 -275
-209 451
116 905
585 -729
513 315
-181 45

262 -240
501 -725
924 -780
104 490
-399 34
-434 384

69 17
-23 -32
-11 -42
-21 92
-18 -99
-28 35

-14 8
-1 -15
-15 13
-10 -12
-4 0
-3 -5

-5 -6
0 -7
-15 14
-5 6
-10 1
-14 15

2 543
142 -318
14 312
-12 175
38 334
26 736

147 18
-806 -193
-271 -84
-90 -61
-37 -70
57 84

-14 -11
-7 -2
29 11
-784 519
17 7
-297 208

268 395
-188 70
142 305
321 -303
318 -261
264 465

7 -11
-35 3
-24 -26
38 4
-6 25
46 -24

-2 1
-3 2
2 1
-3 -9
-15 346
-11 228

932 -137
-581 -109
41 -118
-60 -86
7 -32
57 65

2 5
16 -12
-2 13
0 -13
11 -13
-4 -17

14 -11
7 -10
9 -1
8 1
5 -6
0 4

-17 -23
-60 58
-39 -8
-37 94
-38 43
-18 -74

34 -405
45 45
54 153
-85 -84
41 -3
53 -18

74 -735
127 200
156 608
-85 -72
-3 -41
-32 15

-4 -4
-1 -6
14 -2
11 0
-7 -2
5 -3

844 323
-323 -169
956 -241
-519 818
-796 90
94 -146

-13 -419
164 -445
326 -256
457 -394
489 -613
182 311

-769 -215
-238 -103
-445 -167
-220 -87
-316 -167
-187 53

-82 -95
-81 -70
19 38
99 -55
-19 -15
-8 -39

15 -1
-598 78
-466 61
-5 2
-4 0
-2 3

-33 -314
372 116
-259 -416
-225 -104
-63 68
97 -107

4 2
-2 -4
-32 -12
43 -25
37 -34
39 -9

-7 1
-20 20
-1 -8
-20 2
9 -16
14 -19

612 403
561 294
386 -692
765 730
896 398
816 839

21 -46
21 -9
32 18
32 -19
1 -11
-14 6

-424 180
149 -444
650 618
597 665
-560 -47
-30 -517

-13 -8
-13 -14
-9 6
-15 -6
-4 13
-12 -3

64 784
-859 -737
127 835
949 -965
819 -913
514 -416

-50 32
37 15
-34 7
-18 -18
-2 -43
21 40

-21 -76
-26 4
-58 -4
616 -683
11 -128
-162 35

3 3
-5 -1
-3 1
-9 -9
-12 -16
-10 -14

49 48
-98 -75
-26 -68
46 -61
-23 41
-72 0

-339 -386
-103 -500
401 -825
133 -614
-423 470
165 -711

2 0
0 4
3 -1
15 -15
-11 14
7 -6

2 -21
-33 -48
-9 -18
24 -27
34 -48
-28 42

-194 -578
444 763
8 -167
-18 92
34 -46
-48 5

13 -14
12 -13
3 -10
-9 2
-12 11
-10 3

28 -251
-201 439
-19 -29
323 -192
345 -198
-261 804

-36 40
44 -32
-1 17
-26 48
-6 30
-26 14

710 -12
4 -7
-855 -1
-5 0
3 5
2 -3

-181 20
-491 140
480 -267
-132 -248
-186 -445
-184 -259

117 -560
-297 918
-124 745
-431 120
-508 937
-186 -89

-33 -52
85 39
-2 -49
29 -46
23 33
54 36

23 41
20 -24
35 10
49 -10
29 -23
8 7

-87 69
61 -50
29 -58
141 66
33 757
129 189

57 -111
-180 -30
479 -264
-414 -399
-27 386
-225 -21

-438 -61
-363 -130
127 -25
-466 -130
-273 101
-278 311

7 15
8 14
-5 2
11 11
4 -7
3 -6

-4 3
2 3
-3 5
-1 2
2 5
5 4

-7 8
-8 1
5 15
0 -6
-4 15
1 8

61 55
36 92
72 -69
-3 42
-28 79
-92 66

-13 -24
-29 -16
25 -29
-71 70
-69 44
-79 62

345 91
-11 -87
-436 -327
181 -255
-356 -397
-340 -411

-47 -5
-40 2
234 256
-21 19
-3 -15
-19 23

387 668
196 -3
-36 -846
51 71
14 -52
49 -80

67 89
-29 76
79 75
-10 33
-17 62
27 94

525 771
295 641
-571 187
-37 454
-185 -386
-22 484

11 20
-6 -7
-12 -19
-6 -15
-48 -39
22 2

-615 -659
-767 481
315 -534
-859 461
-158 848
-465 -861

-2 -1
3 4
0 -2
-668 462
242 -169
17 -13

131 -300
-62 86
932 -689
994 152
-53 -707
84 -371

87 -12
-23 -78
-28 -92
5 -93
-128 -52
-890 192

-331 643
536 643
-598 661
-490 661
-421 675
467 629

-38 40
-43 -4
-37 -27
14 -33
-26 -6
-3 -31

-61 39
38 -29
126 -473
346 143
-358 243
93 125

15 -12
-7 12
13 -5
9 9
6 -7
2 7

-16 -644
804 601
607 -44
-157 -709
-530 -509
-35 -14

-36 50
10 -11
-73 99
-1 3
4 1
0 2

-3 1
33 -13
6 6
-10 34
6 -24
-15 33

-913 -308
-868 -203
-27 -436
-536 -841
690 -67
895 143

-588 378
151 59
-39 144
36 99
-6 78
79 68

85 -8
-744 120
-12 7
4 5
-4 2
5 3

-43 20
-23 -43
-6 -78
-26 -15
-40 -8
-87 42

14 -13
3 -8
14 -4
3 1
14 -3
14 -12

-2 -4
1 -2
-4 -5
-5 -5
-1 -4
2 -3

550 653
-611 264
461 496
907 868
282 595
104 281

-168 -163
33 -16
138 60
-30 -11
-27 -14
-18 30

75 -89
-55 45
-2 -61
90 -960
172 5
148 -196

-403 433
-981 722
-697 658
-426 312
-72 -12
-206 238

9 10
-5 0
-5 -5
9 5
-5 5
-10 0

-413 -30
51 507
-513 195
-329 91
451 661
233 299

50 33
33 2
83 -41
100 -10
16 -29
-85 -79

16 -50
17 -52
-20 2
-1 -26
-21 22
-1 -25

430 168
318 279
-392 -381
277 456
-213 -119
183 34

54 -37
61 -53
-28 -19
-62 -26
-96 -33
88 -30

-56 -7
50 96
61 -1
22 -3
-95 -9
-67 90

54 -532
567 390
778 898
265 -24
23 -137
83 164

24 16
17 14
27 -6
416 738
320 562
-12 -45

-1 -4
-4 -5
-5 -2
-5 9
-163 415
-49 122

81 -93
15 82
97 2
-83 67
-21 95
4 -40

877 -337
132 351
96 539
832 -102
796 86
60 727

-13 159
-358 909
44 -329
-435 -600
-109 -412
50 65

9 -27
-43 -41
2 -43
-36 -25
30 21
37 37

47 35
-47 -13
-8 22
-39 -24
-23 -46
40 -44

-22 -70
-23 47
0 66
-39 22
-34 -21
-89 -90

-914 -219
-21 -31
980 131
735 25
48 -57
-125 -141

-27 -15
17 33
33 36
7 -2
-11 -12
1 30

1 0
28 -5
-29 -14
54 -9
-946 397
-58 37

7 -429
-213 667
12 -746
-200 -300
-438 -62
-94 -676

1 2
-5 1
-2 2
-2 1
-5 5
1 -2

46 -78
17 -64
41 52
70 38
35 23
32 -84

-28 -463
-307 -397
-418 -483
465 75
150 -195
-406 -771

310 -845
-71 108
-248 549
-23 -6
-41 28
-89 82

13 -12
7 13
-7 -20
9 -44
701 236
54 -25

-317 414
-275 386
-496 360
-163 -78
-216 248
-331 818

450 850
751 136
789 77
144 680
-715 672
564 673

715 767
36 248
805 902
395 613
540 608
918 905

0 -5
-1 -3
-3 0
-109 -208
-286 -555
-8 -10

40 24
22 -2
49 21
10 2
-17 -13
-5 -17

-278 298
-113 88
441 -607
-11 -62
-41 -47
12 -18

-28 -21
377 153
485 202
57 64
-34 -40
53 71

-12 -13
9 2
10 5
476 309
134 85
-25 -19

930 505
-222 -488
-924 304
-156 966
864 -949
-834 661

-918 453
-443 -892
-306 -312
790 -766
241 172
-677 903

-50 40
14 6
16 5
-16 23
46 -12
-48 41

-10 -46
-9 -58
14 233
-4 -24
7 -22
4 29

-873 40
404 16
7 22
-6 -17
23 30
30 -23

-56 57
326 724
-412 -959
358 783
-784 289
305 892

12 24
-35 2
12 27
12 -17
-35 -18
-35 -15

11 2
-5 13
-13 -2
-3 -14
1 14
9 -12

-271 -810
-664 -531
-613 980
233 -781
-835 364
-331 393

89 -21
82 -96
51 70
37 -80
-1 11
-46 27

125 -23
159 9
250 453
434 71
839 190
-260 -163

-2 -44
13 -56
11 -18
-194 -28
444 -2
784 11

-179 188
257 -409
745 -659
-495 521
681 -921
-283 106

-13 -4
12 -3
11 -3
-12 -7
9 -6
10 -6

10 -26
2 -27
6 -2
-2 -3
-6 21
-18 44

86 37
-54 -97
18 7
16 -30
82 -37
20 44

-21 -1
9 1
-6 5
-16 9
-66 13
-391 42

-97 510
729 -857
-6 593
-734 -71
-825 -154
638 -940

-3 -3
-3 3
5 -1
169 355
20 14
-241 -583

49 -239
-69 -309
-63 -53
215 200
-581 -841
-193 -371

-49 -31
-18 -33
-43 -21
-21 -38
-16 24
-27 -48

416 -255
84 -519
131 -540
-61 87
67 68
-57 -65

1 0
-4 2
-3 -4
302 165
-20 -9
267 146

15 43
-25 36
-5 -10
-10 -48
45 -26
50 12

-266 -407
-43 -69
-10 -19
1 -5
2 -4
3 1

-6 -66
-20 70
-26 20
55 -63
81 -99
9 59

1 97
25 83
52 -61
-38 113
112 -45
-179 241

-25 -42
-50 -13
34 -46
-24 -36
15 19
45 20

-5 -9
-15 -13
-29 -14
-1 -28
-17 26
-12 12

-24 12
-429 -279
998 747
-2 -7
5 0
-22 12

80 80
13 11
78 77
8 5
25 18
5 -1

-26 43
32 54
-3 29
-20 -44
23 78
6 5

262 728
-503 -997
624 821
-39 -674
7 153
680 224

-295 -6
256 42
44 26
60 24
20 24
92 -10

1 10
2 2
-13 -8
-14 0
8 6
-7 -4

-45 -7
37 -34
-21 -41
5 47
-34 22
-42 -38

802 742
-703 441
898 678
266 -231
-12 496
426 -199

5 3
-45 -4
-15 -1
-5 5
1 -5
-5 -5

410 613
446 386
884 -794
812 -340
837 -234
571 916

-24 7
-14 21
24 22
26 33
-18 56
-540 317

59 47
55 57
-13 -4
-41 -88
-45 -78
7 23

-163 350
-435 -113
-74 -336
-141 -393
106 -263
-493 344

-397 426
-57 -205
-93 -335
-415 361
-433 296
499 -56

-24 31
-32 -41
-14 47
33 26
20 -17
2 -31

-929 -884
-413 527
-845 -589
-317 -499
-803 -647
-722 -553

-132 -810
604 -730
-160 -815
806 -965
612 -690
716 -830

-20 -78
92 84
69 -52
-86 32
-21 98
45 -12

-4 0
-3 -2
5 3
-927 409
16 -10
205 -94

26 14
21 29
-17 25
-43 39
810 119
-782 -31

38 96
56 69
57 81
37 57
-46 87
87 36

-193 332
33 -22
62 -68
-5 -4
25 -14
0 -10

-94 992
780 543
60 647
-840 777
934 198
214 302

-32 18
32 44
-22 45
-11 38
-9 -30
12 -10

-65 -55
74 -89
-100 -41
-72 171
-108 855
-63 -21

-1 -2
-1 4
1 -3
-5 0
-3 -1
-3 5

-352 -466
215 -310
342 -256
370 -315
144 -482
82 -480

-82 -38
75 66
29 66
-78 -38
-32 -38
44 66

71 276
400 352
-346 -232
391 0
84 32
479 432

22 -20
-11 -15
-13 12
-48 44
-50 71
-77 -5

554 -312
47 -57
998 -535
0 29
-13 -17
-19 -26

-559 -74
924 419
850 285
-130 160
448 63
-108 437

-22 3
49 19
-79 5
-50 -33
-93 -13
-21 -71

-47 33
-32 25
29 -20
-399 -253
610 621
-79 24

-2 0
-5 4
4 -1
-252 345
-7 16
-16 28

-97 -26
89 -70
51 -68
-21 -30
50 86
-42 -46

-13 49
58 -85
46 59
53 -25
-94 -56
-1 -95

-15 -23
21 1
-8 12
-19 0
16 28
215 156

16 -10
41 10
-25 -14
-41 2
17 -6
-44 -10

4 40
-17 32
19 -27
-55 66
82 -3
-95 75

76 62
71 72
-2 -44
33 17
60 94
43 -3

389 -642
266 -861
166 -957
593 -648
854 -822
-290 -98

-42 17
0 20
48 12
-16 -2
26 49
10 41

6 109
-39 -116
-220 -910
-53 18
7 3
-22 -73

691 688
525 782
356 935
521 394
639 508
208 11

685 -19
547 -373
519 -140
-556 -459
-820 -933
-59 274

-58 49
47 -6
-413 234
28 -3
18 7
0 15

9 -22
3 -16
-29 -3
-41 15
51 -55
-824 612

-759 455
-627 94
-864 -555
-996 -194
530 533
161 245

-2 4
-2 -1
-3 -1
51 -91
-8 14
-53 94

2 2
5 4
0 2
234 -308
-7 20
-633 872

-31 -100
-1 55
59 5
68 -342
-427 143
-139 -161

165 -385
485 -50
460 -49
-587 -333
-850 -406
-349 -300

5 5
13 21
6 1
-105 310
28 -57
96 -245

252 922
-642 298
338 903
56 723
629 888
-841 588

50 -19
-80 -25
-71 -82
87 -46
-3 -98
-60 -48

12 -10
-6 0
0 -3
-9 2
9 -8
6 -6

855 200
-125 -173
975 103
907 391
-5 -270
-57 -461

-509 -760
405 378
849 472
392 -97
-867 -558
750 -299

-277 995
93 -265
-387 383
597 -337
-497 -229
148 41

11 2
-3 -10
14 10
2 -22
-36 -98
-33 -90

-335 230
10 121
43 -128
-343 356
323 155
-113 163

5 -1
5 -2
4 -3
4 -4
3 -4
5 -3

24 -11
24 -19
-15 38
24 -35
11 -14
-15 4

-212 -675
149 -398
312 3
-445 -26
-226 -465
-261 60

3 2
2 0
4 -4
-16 -18
-423 -415
-261 -257

-951 229
-973 948
-759 -908
-718 321
-549 792
-844 -699

-18 25
21 -1
6 -26
-192 713
99 -196
48 -32

-565 76
326 652
-190 312
-498 -158
-490 -163
138 160

-16 17
4 -10
20 -32
4 3
0 -3
2 -2

-90 50
-41 -32
-59 -35
-51 -27
978 811
156 140

-12 5
-33 -85
4 62
27 68
-40 -34
-1 29

-7 -3
10 8
1 17
11 -14
3 -15
-17 14

-1 15
-41 -47
2 3
-24 -4
7 -17
-18 -28

-19 2
-5 4
-14 1
3 2
0 -4
-2 0

764 -245
884 -60
-400 655
-184 988
203 911
497 17

375 -655
934 119
825 -380
-19 -212
556 -112
-793 -685

8 9
5 -3
15 17
6 8
-4 -12
0 2

28 -15
186 -61
18 -10
-11 -12
13 -2
16 13

-2 2
-3 -3
-2 0
-1 4
-3 -2
-1 5

-74 15
58 89
-86 -9
22 79
-26 34
206 204

28 8
-9 8
-25 -28
127 307
-101 -362
23 -4

122 -115
-156 158
11 -6
3 3
3 2
2 5

-6 -20
-18 -29
-27 13
36 40
319 370
-644 -755

387 805
329 387
221 -163
93 163
881 -433
299 24

-124 354
23 -51
-251 702
5 -9
11 -12
22 29

8 3
-441 -307
-399 -278
-2 -4
-1 1
-2 -3

995 -741
-478 -587
923 -735
431 -694
-631 -518
-757 -495

10 -2
6 16
6 -15
15 -16
19 -16
2 15

5 5
-4 -5
3 -1
-24 -391
-10 -165
0 -6

-19 -37
7 -24
-77 50
163 170
-314 -62
150 170

-6 -6
34 18
12 5
2 -4
0 0
3 -2

-937 -775
-107 -107
-642 -538
33 -3
58 22
36 14

-146 135
-335 63
557 309
13 145
-200 99
211 271

-40 -455
-414 -274
103 -325
-866 -809
-225 -270
474 434

-471 217
-430 456
-256 222
-686 -751
42 325
215 651

-7 -13
-10 -8
-7 -5
-13 -11
-10 -10
2 -14

-990 -615
-324 216
-912 -436
-621 -134
-623 -83
405 901

-290 -327
450 271
-70 356
446 32
-446 -441
318 -455

763 602
-453 -889
11 -17
588 -124
-106 -634
705 493

490 -248
164 27
139 60
-411 80
-358 123
-452 120

32 -25
47 -12
47 29
-39 31
-33 40
2 -10

-138 303
350 -106
-228 393
366 -334
465 -469
-662 996

34 -96
9 -7
-40 -96
-80 -319
-50 -87
-33 264

-50 44
-7 -5
14 -21
8 -43
-14 -10
-29 28

-761 642
-430 876
-546 132
480 -759
170 -184
-520 389

-9 -14
-7 14
-5 2
-12 -12
-7 4
-12 4

-480 -737
-240 -777
-954 21
219 186
227 -338
-89 -10

-85 91
-16 268
-242 -346
-328 -224
-445 -113
-168 -396

-105 -176
-172 931
-134 -115
570 -694
703 -804
254 -222

305 -127
-40 49
965 -468
20 27
-9 -28
-7 27

23 46
-8 24
7 13
38 35
-23 35
47 24

-37 -26
27 43
13 29
-41 -22
-3 10
-4 11

52 -4
-17 1
-350 25
-5 -3
-5 -4
4 -1

-11 -11
-1 6
47 87
-5 -2
1 -2
3 -1

29 -3
-28 -29
-11 5
53 57
189 737
234 951

-40 -5
-47 2
-10 -7
-22 5
-26 2
-38 42

13 -51
56 -48
-94 72
12 -93
-63 72
21 -38

-76 17
-86 51
-93 -23
-62 2
45 62
-89 -4

-65 -8
61 60
-69 40
-601 -37
-389 1
-3 100

-271 945
-177 696
811 -690
-458 225
-481 -216
-207 6

-2 -13
0 -14
17 12
-15 40
-166 441
-34 90

3 7
-9 -15
-12 -12
-14 -10
15 -5
12 -2

-49 -2
-34 52
-3 94
-743 370
851 -422
-56 28

-5 -5
-1 -4
-2 -4
-4 -1
-1 -5
-5 0

-18 7
0 -20
-16 -14
-64 186
-16 -36
2 -126

601 392
-38 -14
-862 -538
21 26
11 14
12 -14

-172 -17
-43 211
-206 395
-90 47
60 447
-159 269

-4 18
-6 -10
-30 14
-15 -1
15 -139
-20 46

8 -15
-5 11
1 -10
14 -8
-1 -6
-7 -13

336 500
-182 -232
-58 52
26 -210
-89 -19
35 265

942 730
557 355
-465 -699
-430 -874
510 76
-522 -943

152 -880
-77 423
-169 930
652 749
1 -42
386 420

-66 3
49 8
-3 20
-444 551
358 -376
-8 45

161 88
-119 -294
253 360
-277 -241
445 36
163 -129

-689 265
293 -677
957 -68
745 966
-477 -769
-25 874

41 19
646 509
60 33
-5 -21
-9 23
13 -9

-985 -303
493 777
318 602
268 552
433 -278
363 -348

-959 92
468 -133
135 829
144 803
-626 -870
-849 331

-558 323
172 -315
70 -348
-198 -73
92 343
-22 -128

-100 -53
82 -77
-11 -71
50 -78
-50 2
3 -29

70 29
-27 49
87 -51
75 -60
25 88
10 -16

614 -529
-63 -162
663 -408
47 -502
-421 -781
271 -155

27 2
24 -16
7 -12
49 28
-35 1
-45 -6

17 33
34 31
-64 -29
61 39
65 75
23 1

-551 -605
-498 -786
-582 -912
-458 -419
-267 138
-226 143

-36 -29
-4 -11
-42 -53
-276 -209
-778 -525
100 29

7 -16
-14 -19
8 -19
-5 15
-3 14
-17 -12

-61 15
-102 -663
-953 607
344 -959
-548 -367
-284 163

0 -1
3 4
0 5
3 5
5 -1
3 -4

553 -262
22 -41
-425 148
10 1
89 -30
76 -5

-15 8
-19 9
19 -15
7 -12
6 -19
0 -3

664 -406
-54 48
853 -525
15 -21
21 -5
5 13

-178 -117
635 439
15 15
-4 -3
-3 4
-2 3

6 1
11 -1
9 11
-19 3
-20 5
7 7

-170 -199
919 246
-290 -207
12 326
229 200
-291 296

-33 214
-19 -287
-26 19
-26 25
16 -20
9 6

4 1
2 -1
3 2
-4 -16
12 28
-1 -8

-17 47
45 -23
32 -36
-30 34
5 -28
18 -2

8 -20
14 16
12 10
10 -8
17 7
11 -11

-26 -592
57 -894
270 544
824 188
-52 372
-701 718

5 17
94 -88
3 -47
96 -24
6 49
-86 58

-14 -10
134 458
-189 -567
5 3
-14 8
-11 -21

-11 -10
-3 11
9 15
7 -4
-15 -4
15 6

-60 401
-207 223
160 465
-70 60
-33 206
-253 142

12 0
-52 72
-22 51
-210 141
-424 262
-60 60

85 -625
439 80
0 -503
267 -392
289 47
46 -115

-987 -159
-943 -558
751 706
-140 473
-52 -325
795 307

4 3
0 -3
4 5
-3 -1
4 4
-27 -17

52 363
131 455
-268 321
-27 271
293 313
54 200

9 11
8 -8
-5 -15
-14 4
0 10
-9 -11

-226 -253
164 -487
-186 101
-466 -271
-32 329
-242 -301

-61 -86
-31 -85
-71 36
21 88
12 51
100 5

8 14
7 -14
8 -13
2 -5
11 -14
0 0

-577 -595
-235 377
-407 -655
-348 -637
942 -121
-848 -693

920 933
208 432
-442 -348
-570 -477
-25 -315
-565 -897

45 -66
-44 32
41 31
-98 -32
-17 64
-40 -65

-498 -553
-180 -79
-847 -928
731 800
407 560
756 676

44 -73
285 -138
-28 -53
721 -227
-119 -33
-889 145

3 5
3 3
1 4
5 -8
-33 95
53 -138

-9 -11
7 25
-42 -44
45 39
48 32
-12 -48

-30 11
-17 47
64 29
-51 -11
348 -473
-690 721

-26 -77
-124 -88
-24 -88
-68 -71
-19 -67
60 -83

-163 -157
-211 -440
-360 456
-407 -176
-310 41
226 362

-20 99
-38 -9
-98 96
68 125
73 105
269 995

0 -1
-5 1
-5 -1
0 4
-5 4
0 2

-3 1
2 -3
-5 2
-1 0
-2 -1
-4 0

3 5
-2 0
-3 3
35 9
91 21
10 4

-3 -2
-1 2
3 -2
-2 -7
2 -3
1 2

7 -8
-11 -1
-1 5
2 -11
-6 2
12 -5

-8 -44
-41 -10
31 40
-31 -41
-28 18
41 9

-30 -14
13 -49
86 -45
-96 82
-13 99
-43 60

457 -55
359 223
345 -927
182 -238
660 311
444 -181

-11 3
19 -15
1 19
273 -165
-462 354
52 -8

-88 660
301 118
-99 818
-197 46
322 220
116 44

3 2
-17 -39
-9 -36
35 14
39 -18
43 17

-187 964
-50 533
-102 809
259 -574
35 378
-68 747

-467 -215
510 950
426 818
-380 -140
-873 -853
124 652

-80 -58
18 56
81 84
401 193
-369 -243
163 64

-224 -612
-171 -198
-161 -164
-86 91
21 -86
-74 93

139 41
-149 -4
55 29
-7 15
0 19
11 -21

229 -216
-29 3
-247 -144
399 -975
783 255
877 333

-29 -26
25 -19
-45 6
-46 -15
-2 -11
40 -49

-32 -52
-183 -246
-11 -115
84 41
91 -64
-41 -25

42 -75
-62 96
24 -53
96 96
82 -80
88 -61

-8 4
-14 7
-4 14
-9 -3
2 11
0 15

-208 114
39 -25
5 -6
2 0
-5 -3
-2 3

6 -11
-10 -6
-10 5
17 -8
17 14
9 -18

39 -40
-15 17
-45 44
36 -30
0 -12
24 -31

-34 31
-40 32
-16 -26
-34 -23
-31 0
-40 39

0 5
1 -4
-4 3
-14 -532
0 195
-4 -10

18 -47
11 -98
-66 13
-143 -18
-143 -60
-31 372

-4 -36
-47 -11
-42 -34
16 16
28 36
46 -6

93 82
74 4
64 80
-475 508
-172 -40
-179 -20

420 -400
248 -239
-146 39
201 -242
753 -644
-280 80

-760 518
454 370
954 189
419 -346
-337 260
-192 -49

29 12
-7 -29
23 -3
-16 -27
37 32
-20 -37

756 -157
594 -553
997 107
556 -385
650 -718
422 650

521 380
-528 -229
572 721
-739 -16
-231 145
703 -202

-910 -119
-120 600
-908 -342
-320 699
424 67
276 -46

98 119
28 -19
-982 -907
355 499
-115 839
-4 923

1 2
2 -2
2 0
-5 5
1 1
-1 2

158 362
6 41
117 274
-6 10
-23 -16
-1 5

314 -702
-414 -785
-922 -847
435 164
477 526
433 76

-41 -98
4 -88
67 -49
310 -392
301 -361
166 -21

-635 414
-912 501
-201 -300
-196 -319
31 12
164 -499

-81 -162
-388 -493
48 -65
-266 -319
-15 223
-338 -423

34 -6
44 -17
-11 -36
22 -14
1 25
14 -37

-382 -187
206 -215
-221 -194
-482 -173
240 -229
-114 -201

474 -648
-335 -399
294 -548
-441 187
-478 336
-66 -348

0 -36
-18 42
-31 -29
47 15
-46 36
41 41

9 30
-2 -2
-18 -10
176 210
-111 -108
-14 -2

-434 -296
-184 -76
220 150
295 216
-213 28
-215 91

65 53
95 -25
36 -62
6 16
-53 -21
-23 -99

1 1
3 5
-2 2
-3 -5
-1 3
-4 -2

75 131
-178 -945
-25 -299
21 -57
6 -61
-59 1

-186 779
767 562
-817 573
-244 -492
252 401
-405 -110

-2 3
-2 5
2 -5
106 101
10 4
770 772

434 -385
335 -329
882 424
981 368
-358 63
-457 119

938 -850
719 -644
-27 58
14 20
24 18
5 28

-35 56
-17 -4
7 -85
-2 -53
-41 75
-11 -23

-3 1
-3 2
1 -5
-3 4
1 3
1 2

453 -57
41 -6
-29 2
7 -13
25 -12
29 -27

-262 -824
11 -12
14 1
-26 26
-21 -27
-5 26

-3 -15
51 -894
-64 978
-1 -4
-4 4
-4 3

-16 33
-22 25
27 -31
19 -20
-1 -12
-25 34

-86 57
-96 27
-53 10
-9 -4
-36 -12
92 80

-41 227
484 291
-222 135
-213 241
-394 149
312 305

918 -699
613 -889
-370 -535
501 -234
657 -620
-265 -228

-118 315
-351 -55
-446 -423
-251 -117
-708 846
138 -826

-492 232
681 121
-192 526
-408 160
357 -518
741 -364

-9 11
-17 -1
26 -7
-151 383
22 -100
-20 14

-6 11
-7 -8
-14 -5
0 6
-8 -10
-2 -15

1 -11
100 63
-11 -67
-921 333
-39 -39
-164 19

5 0
-4 8
-4 -5
12 -1
-7 4
5 7

-315 371
45 -128
471 -720
-50 62
-59 41
-51 -1

-5 0
-1 1
-4 -2
-2 3
-3 5
-3 -4

-40 839
849 -864
719 -671
84 -238
220 453
93 174

-19 -605
466 -466
393 -141
-22 -274
182 14
-227 259

-3 2
-13 6
-6 -9
4 -13
2 0
-8 4

-277 -478
462 368
-97 -273
178 62
159 36
-79 -331

-79 -724
-511 -724
-619 201
-991 -975
306 -231
522 201

1 4
2 -4
-5 2
-3 -4
3 3
5 -3

-660 -430
-291 263
-101 -283
-121 18
-358 -282
664 -394

-1 -1
-4 2
5 5
-5 -14
-134 -854
14 110

-574 -392
70 -474
40 920
362 879
714 -556
-282 961

2 -1
3 -1
-1 4
0 4
1 -1
1 4

38 233
196 -171
-797 743
344 -475
-380 101
-235 -369

1 0
-176 -195
22 23
5 -3
5 5
2 3

127 240
388 174
-407 59
-74 194
137 230
536 689

231 676
79 -564
278 857
-513 -530
-73 -898
13 -900

-5 -2
0 0
4 1
-1 0
-3 -1
2 0

-5 2
3 -3
-1 -2
13 20
423 921
-139 -314

51 193
459 463
-209 4
-113 100
-97 40
-49 292

-2 -10
-2 -12
15 -97
2 4
-4 0
3 -1

896 -519
648 -223
540 -442
802 -356
-905 883
107 199

16 16
1 1
29 38
-21 -15
-20 28
-17 22

-20 17
-11 19
30 -23
15 4
-4 15
101 -70

293 112
385 -117
271 70
-85 -205
466 -367
-276 -165

-428 -153
-400 -254
-428 79
76 619
254 876
-360 -47

-27 42
45 41
34 23
-49 6
1 -31
-38 24

337 -131
204 307
237 121
-353 -449
-294 -392
287 -5

-19 26
3 -6
-16 3
6 -29
-11 -8
32 -37

-52 -89
66 -58
-66 0
78 61
79 -43
-27 45

-41 86
0 47
63 -55
-39 -64
-9 -37
16 43

40 -14
-85 -39
58 27
160 44
165 62
-385 -983

-183 -484
-70 464
202 320
87 -291
-425 316
-121 491

64 -97
90 -69
71 -88
78 -83
83 -74
86 -61

-39 5
41 35
43 15
-5 -3
-10 47
24 39

89 -15
356 -18
-24 -11
13 18
-14 8
-14 -19

92 34
7 2
-531 -200
-5 -4
5 -2
-3 1

23 -10
25 -18
27 30
-521 -778
60 26
-570 -846

171 189
81 36
-153 272
111 87
318 122
345 -149

-103 -206
-359 -339
-456 -369
-197 357
-259 284
-286 168

-142 86
-188 115
-1 -3
5 5
-5 -2
0 2

-2 38
41 -25
32 -30
7 43
15 4
-3 -6

680 -65
964 123
423 -784
-153 152
51 68
-843 -328

91 87
-61 60
-85 56
38 88
58 88
59 86

-429 663
216 -93
-253 267
-330 157
-196 834
-448 474

14 -9
6 -14
-20 9
-12 14
-4 19
-2 -19

235 1
-559 -793
-342 -684
487 739
58 -92
-484 -942

319 -68
-267 808
33 190
-203 857
163 388
499 -314

-24 104
-338 713
8 42
16 24
17 27
4 8

955 -140
775 66
355 724
555 -913
385 943
485 39

91 -330
265 -21
224 369
166 266
-49 347
-223 38

128 622
90 -569
-70 379
145 688
-210 -920
-32 -752

-4 -1
4 3
-4 -5
193 579
-70 -213
7 19

267 -107
228 -94
42 10
26 23
12 -29
-16 -16

11 -15
-19 15
17 19
-135 72
-9 -15
41 -40

1 -24
-7 44
32 -27
-34 13
28 7
-38 47

14 -4
6 52
-6 97
-8 54
-21 15
60 282

121 -107
-112 296
-184 416
87 27
34 34
94 46

-344 -717
-739 -443
-769 643
161 637
-458 888
211 -63

2 2
-3 3
3 -2
-29 -164
-62 -364
-3 -7

25 -10
-17 10
-36 18
-42 20
0 10
38 2

3 5
-5 4
3 4
4 -1
2 5
4 -5

775 211
595 355
633 -253
-45 411
810 -273
68 199

-505 -129
-205 724
-96 627
449 142
-69 -517
40 -614

-447 -380
273 -60
-54 -233
892 203
371 -186
-443 -832

-506 829
143 -604
-102 -67
42 -23
94 24
26 12

-418 647
19 -33
77 -123
-7 25
4 -8
16 -34

629 389
-334 -718
998 323
-703 -652
848 -503
-259 -305

-345 969
692 -780
-328 809
709 -940
-277 329
-260 169

-86 66
-77 52
31 -62
-14 -26
-26 -24
-59 22

50 42
10 -24
-7 99
69 23
3 -70
-57 -63

-57 6
-1 15
-596 -60
27 -30
0 0
16 25

-78 -38
37 56
69 73
-22 21
22 -58
7 -55

-142 -226
-7 -29
815 -703
964 -664
950 -506
-709 151

14 3
294 -52
-97 25
1 -4
2 4
-5 3

1 -14
239 -844
73 -265
5 -4
-5 -1
-1 0

112 -35
208 -670
261 -760
312 -941
-259 595
-310 776

3 2
-16 -16
78 -85
72 -38
-6 1
9 -45

610 -243
-305 508
145 146
-72 -17
68 83
40 15

1 -3
4 -5
-3 4
-8 9
-56 70
-105 132

601 900
-26 -30
499 750
-17 -25
-27 -5
-2 26

377 -54
-71 332
-431 448
-25 438
178 433
197 4

-561 -429
628 633
-851 -877
-329 883
-619 -459
-503 -697

9 697
728 684
143 839
984 -464
856 -304
469 991

330 -470
589 -837
11 -18
4 -2
-5 5
2 -1

114 -160
10 -10
-148 218
2 5
-4 -1
1 2

-14 -25
24 15
12 -22
-2 12
-35 26
45 -36

-946 -791
904 -940
-876 -762
894 -975
-506 767
-546 771

12 7
10 -10
25 26
-29 -176
-18 -115
-10 -54

30 19
6 -4
33 22
0 -1
-3 4
3 -5

-695 48
-151 -20
37 -42
23 -17
11 23
-1 -5

852 -64
872 636
436 556
-512 -539
88 -239
316 381

-11 -3
-5 -3
-6 -2
5 -3
2 -1
5 -1

-151 -8
77 -88
116 -93
-88 33
-22 -33
-9 -16

-619 815
-861 217
-794 382
-915 -580
-658 722
-650 762

2 -14
32 29
30 21
43 -4
44 0
18 50

246 371
352 -8
-644 440
744 147
887 414
-681 -206

20 -35
60 14
72 18
-21 94
-53 12
-47 14

-16 8
-10 8
14 -14
4 8
10 -14
4 -14

5 26
65 94
-10 75
-85 -76
-70 7
-25 -8

-68 65
-168 678
-132 468
-12 -26
-48 67
-32 -4

-96 14
-16 -50
-51 -42
-6 -18
-26 -2
-46 -66

74 840
771 -228
824 47
930 597
983 872
21 565

-83 -48
-87 -44
-11 -74
-40 70
-60 -48
-48 32

144 247
233 382
-364 -461
386 229
491 -342
338 437

83 -26
-44 -21
92 -68
86 -40
77 2
-35 -63

-313 88
-301 -325
-133 643
257 -447
293 -331
-283 63

14 -2
-34 -20
30 1
41 19
40 1
30 -35

2 4
-5 0
3 3
4 2
5 1
-4 -1

-12 3
-5 -4
5 14
-7 12
7 -2
-9 0

10 -14
-16 4
9 -16
-3 12
-16 9
-10 5

-245 131
-101 -227
-89 -141
-211 115
-50 2
-266 50

-1 -1
2 -1
-2 -4
4 5
3 2
0 2

-15 11
-109 78
229 -163
-1 0
-3 3
-1 -4

88 20
-9 93
81 -43
75 -97
43 88
29 -38

65 -54
5 -45
33 -8
-59 47
-31 84
-91 93

-765 -604
264 554
327 622
192 456
-137 274
259 484

-40 11
-6 -6
-6 -10
-39 -33
15 -19
13 -17

-2 45
-27 -9
18 50
25 4
-42 35
-22 40

17 -12
-13 18
2 7
-17 18
-2 9
3 -2

1 -3
9 12
-8 -12
5 1
0 3
4 14

95 69
33 -42
-13 -57
85 96
79 -27
49 54

-691 -901
-251 969
-227 829
-907 601
-643 843
-695 392

-924 143
332 -24
-52 27
-14 18
2 21
26 21

95 105
6 39
-779 -691
65 31
-94 69
-47 -25

9 33
76 54
28 40
-23 19
-76 -2
-97 -9

371 233
367 261
-196 371
-349 165
-346 144
458 -376

68 -79
34 -66
-58 91
39 -7
-29 19
-24 78

39 16
-14 -13
-14 -41
39 -12
39 -40
-14 15

-76 18
-628 268
54 -42
24 -26
4 -24
-26 10

14 -17
904 -754
-713 585
2 -5
-2 -2
-5 5

-380 35
-112 81
-126 73
-90 82
-70 42
-32 41

-73 17
-13 -25
-44 97
70 43
280 -365
484 -790

411 635
233 630
498 699
-574 792
-843 846
-483 733

-13 8
8 10
2 9
18 17
-15 -12
12 12

449 525
-859 -984
-13 -8
-2 1
-1 -3
-4 3

34 -15
-27 -42
16 -17
-12 -17
-26 -3
-28 -27

600 524
-424 -553
-134 -83
-298 20
-668 -645
138 347

8 3
-17 -9
3 -17
50 -128
-88 183
-2 -14

70 -61
46 72
51 8
9 23
-5 28
60 67

-980 -536
-980 -535
27 7
-26 10
-26 -9
27 -17

-471 484
203 -663
215 -849
-35 164
-234 298
-354 -182

-191 -999
3 784
-248 -853
-834 -10
417 -38
-784 -115

0 -11
-9 1
13 -7
8 -11
-6 -3
4 5

7 -86
25 31
39 52
29 8
-20 -34
6 14

-18 -28
48 41
-22 -12
0 11
50 33
6 -13

2 4
5 5
-1 0
5 4
-4 -2
-4 -1

55 -30
30 74
30 -70
-275 -85
-119 -54
253 43

8 20
-5 29
-33 8
0 39
14 -38
19 -28

-741 -993
-947 -951
226 -366
60 492
329 -387
-146 534

-2 1
-8 -6
13 9
4 8
0 -3
7 2

410 -215
-264 -434
-458 -430
-370 -88
-349 337
-246 270

-6 -25
3 -12
-24 -1
-43 31
8 28
5 37

5 59
403 -243
383 137
-590 -451
-314 -458
-74 62

-27 18
-25 -20
-2 44
-9 10
-43 -12
-50 -46

-2 1
0 -2
2 1
-2 0
-4 -2
4 0

130 -17
221 386
-315 -478
-331 206
-100 -92
37 326

862 876
-939 -6
6 949
-272 -270
673 685
-750 185

834 -215
-193 -336
-774 -9
861 -370
226 267
-909 766

-475 153
-59 -35
-235 -233
107 -207
-465 -461
-289 -181

107 412
-435 -298
-390 -317
16 -19
320 -30
376 -171

-575 912
-332 723
387 -54
-120 7
-410 -18
396 -131

7 8
3 0
9 -20
13 4
-9 -10
-4 -1

780 -281
-279 -49
-270 13
459 196
-123 488
984 49

15 46
27 -19
3 -43
-41 12
1 -45
1 -1

43 -1
-4 47
-5 42
42 -6
-15 -8
-16 -13

-353 -153
88 -141
-418 -478
131 584
46 108
-369 -539

-7 -8
113 2
34 -6
4 0
24 10
23 1

-3 8
-5 19
-11 7
-3 6
14 -18
-11 12

490 862
-565 -997
-6 -12
1 1
5 4
-5 -2

281 84
752 224
360 720
40 -715
-352 -219
-28 107

-291 -67
-199 -90
464 -462
983 -6
-826 -882
222 -385

59 -84
-76 -52
-79 -63
56 -95
-67 -19
-64 -8

-5 7
11 -2
8 1
-5 -5
17 -14
12 -11

-2 0
0 -4
2 -1
-4 -3
1 -1
3 -3

45 -145
8 -176
121 -171
-22 -76
67 -7
88 -28

130 529
-95 -632
36 40
5 -17
-2 17
-28 16

20 -10
-7 -7
-9 -7
3 -8
18 -11
-4 -7

-58 -493
733 463
140 -337
62 -94
-216 -346
436 8

-5 5
10 3
-13 -7
-11 -4
-3 8
2 -9

-151 -271
-445 -314
-395 -323
10 58
860 832
-411 -331

-689 141
-777 -190
-836 152
-660 814
-748 483
-601 472

-94 48
-13 22
79 9
46 -30
35 -43
-68 -43

-886 313
-1000 -58
197 935
881 -369
539 418
710 -943

603 -671
314 -263
17 145
16 77
60 81
84 9

-345 112
-364 -113
-71 -244
-208 -66
-52 -19
-14 431

-16 11
-2 39
-21 -94
-165 -550
86 153
-38 -189

-422 -606
466 -214
-862 -850
-674 -344
128 -301
238 -240

-952 270
6 5
-12 10
5 4
0 4
-4 0

-367 -389
-852 -722
300 -350
58 227
331 -214
169 792

12 -3
-4 -13
15 6
-6 0
-3 -10
3 8

142 -458
395 735
10 -830
-174 -854
579 -545
681 -419

11 -20
-19 30
2 -3
-89 -394
-9 -44
9 34

786 881
-851 467
519 890
-426 -307
-357 -888
-708 252

-81 -131
795 -949
-18 -180
-6 -71
-20 63
43 75

-144 -38
501 -583
-314 -692
-499 417
256 -998
-113 375

0 -6
0 -8
3 -14
3 -10
-12 2
-9 0

9 -15
-773 634
3 -10
0 -2
-3 -1
-2 4

777 630
164 32
-234 513
-847 -85
103 552
-786 -605
