9 1373107
881894 758614 571717 701525 827054 7359 759000 58749 518292
8 445154
802812 493949 425640 514439 404521 840847 144100 45073
10 24
10 14 18 18 20 17 19 14 14 12
10 645840
2013 369812 624956 836280 886512 913404 718059 401683 213629 672189
778 720783
910713 358883 883224 813154 215023 350007 770326 253667 360481 992828 651285 368219 982836 377924 370611 235988 985934 11681 376568 647610 458741 492711 920126 328080 347213 99983 723098 908657 615735 646881 719843 42799 5763 603067 855953 737138 469425 142630 507156 829906 135457 158440 714476 118293 536363 601438 870632 38648 613118 763552 202609 588210 256262 122735 916289 119826 739069 155739 544835 871155 802619 264677 913954 324734 384095 769906 61871 853520 428887 569026 199777 80695 243817 430604 198987 296531 32042 585971 851530 645159 349522 54139 749721 122135 693225 666009 241960 432293 821747 786794 819800 140718 567823 733753 465451 468269 20010 43673 321788 448896 612698 37916 529590 372866 468520 244929 669396 16913 830899 520925 178423 696772 91415 928143 335258 300991 110504 577217 249636 448602 880363 69435 589319 964537 803187 571121 432805 823196 614793 270945 272091 227490 308860 801680 600355 293731 562960 786102 826995 393858 307027 5418 606981 914793 449912 942238 215784 560415 35807 465419 9017 432521 534853 114687 397057 854391 685808 346213 193938 300600 617157 982380 44442 442369 300411 161148 252451 863371 947250 79446 773580 770628 601215 380561 685420 51126 839150 417555 611541 391308 882973 136909 823828 934177 251595 737236 304919 937402 83449 498856 754354 216957 481235 798795 175677 781646 476294 428128 645016 423543 23925 418595 710522 625139 315507 395942 676264 154657 813496 804156 545964 212821 941064 886144 146997 709011 623379 968268 162764 223179 467123 917117 956488 948358 232263 132164 246355 224909 76643 407722 648451 100567 826316 875325 242057 658175 271266 434673 329183 601113 238828 391498 813933 696244 277641 477282 921606 417372 445549 84369 640550 429023 517838 113389 893732 266452 245553 140086 491360 322195 547807 656163 939114 890475 531487 697522 548649 319104 132194 394183 920216 887374 785680 250501 99969 63321 244134 21574 997044 206034 622294 153945 635056 140131 267334 528788 406583 512886 185225 897942 351432 733032 70456 806897 139858 601942 504419 204858 921045 636612 599040 841261 523985 384719 608113 140305 964391 852246 161878 961434 574631 784172 115379 209686 440654 382712 254825 847236 411949 440050 261530 279732 689433 331985 86629 829290 933927 107399 34147 371323 744010 149538 212583 784347 534256 337047 924651 14999 705644 602881 492784 280274 387052 608162 6312 827705 507225 261136 191293 435525 217537 969174 715257 423321 301158 318237 768962 751436 425635 319460 122759 685996 468997 851693 470342 519605 705092 911345 534603 410735 30577 27386 691009 417628 151900 213672 761684 175476 991159 469328 611001 208696 438501 326257 148368 256011 644493 917330 523798 586479 236789 162908 272474 705786 14601 259168 741742 719692 686864 792696 646778 717440 336433 337786 651419 488332 551457 929454 180160 542616 398782 791160 267663 353634 633768 416030 609644 794612 333359 649794 381090 86500 812701 169915 308637 343653 429082 50378 63344 115945 843073 226474 833384 695857 564259 484802 184189 632068 414256 880700 691035 329389 671859 958697 683022 821978 891078 809018 616589 740789 458811 514030 827288 787863 683944 652276 131516 113026 702653 711211 228970 62077 937684 578706 757933 18295 579859 458473 650362 510466 339172 341396 839854 527382 816444 39228 349359 223873 848245 965947 964661 823407 479976 308300 611269 163920 960575 259136 793297 179579 970347 538618 758007 424382 117323 515940 442676 213534 490764 609389 723999 346288 467136 563853 873669 283579 603080 223028 23804 967676 705326 988464 307434 701654 813116 435054 381925 773690 694190 175221 469621 180888 713838 227627 605269 347513 259918 564297 561046 750682 173685 285044 96969 640821 365248 970637 440751 484679 710016 980906 452354 415342 969370 276139 633347 298837 711193 15271 588878 921734 190491 58498 102621 904328 286125 224241 768192 546042 788537 329237 813075 478574 130633 910043 635746 495880 397032 592848 980559 107047 573754 949264 38740 59475 225403 672086 358311 452947 203708 947188 374680 394198 5686 993652 814878 808162 217892 583069 870555 522781 428658 683630 517706 559290 593672 153451 55169 507055 262650 552079 130454 836403 501343 685545 895877 243097 873983 770539 696043 77690 234079 70722 471888 756116 64373 803117 564277 798616 902537 434831 837748 331194 634812 355453 890483 744836 25255 945652 251890 287905 497730 382343 124307 515424 584240 536536 758520 458222 823426 454562 535911 57504 41635 524150 813619 622359 843618 894247 937327 746155 845430 775074 77348 480241 130527 967831 225076 155781 429834 993318 443685 443915 892012 84344 475691 476251 137231 234210 934472 477008 205124 986735 534512 763110 27236 864482 385469 870854 758729 322795 617008 604158 614220 210707 600750 744746 694889 825826 416879 124722 335495 376915 84989 227506 461258 560679 703757 114840 311240 154580 591848 32715 141314 642711 795825 168550 23544 697645 555755 298624 536791 172762 419133 151010 383468 19883 895756 78357 362060 312634 719430 697554 689548 320770 925059 667158 397800 145167 298349 709040 299747 406548 741754 957412 565610 537578 642313 589154 751574 198067 887777 288364 370828 306910 439374 270648 326792 851481 865356 205203 680466 101137 902756 886365 938259 344166 69874 336058 489333 368223 45097 305431 291122 303203 262842 856732 840780 905155 445885 108706 103221 333661 397069 990401 156922 352794 777400 65
32 1295333
860671 910505 993666 982324 878594 996801 867683 870490 886324 980408 877480 437080 975975 933001 937020 929809 901496 891761 896809 891463 990276 902043 961786 953347 909754 905667 937117 924405 984256 858253 977088 874361
3 408
250 172 302
14 1579220
379384 598142 336765 198664 985424 370617 801572 416150 962491 807867 923880 360736 566480 11948
13 236734
857585 778063 998517 417129 27000 65164 765227 420905 491526 972541 184018 326344 555313
19 35
12 16 14 12 16 14 14 11 10 16 12 16 17 17 20 11 13 10 15
16 1708
561 603 713 247 15 446 778 503 987 496 915 911 830 93 75 246
10 22
17 11 17 15 15 16 12 17 14 16
15 23
14 15 10 13 17 12 10 16 10 14 13 19 14 16 13
2 2000000
1000000 999968
3 605
172 202 382
12 1756995
185671 305833 758774 149882 982221 466934 754102 309222 627225 249372 463916 484610
14 1001996
802470 235172 310161 447859 160037 708160 604221 810649 643940 495270 638343 857386 990803 316689
14 26
15 19 11 16 18 20 11 13 19 18 20 16 20 16
12 2057
344 662 720 413 543 694 899 943 196 355 903 300
14 1013773
770919 842416 233957 501954 988667 503375 216274 889020 598365 557818 555095 157271 383972 494048
12 24
20 19 10 10 19 20 11 17 16 13 14 13
773 1185352
805339 828048 779467 753116 171964 793262 636014 937417 146727 300959 976489 178967 793607 49144 144369 172219 64879 466605 759289 3580 710077 48133 190349 173792 58149 807302 156467 113761 225054 871654 866523 546745 699701 645989 816212 388016 439250 452225 841785 102328 269535 818273 281294 63141 383768 425662 235359 964998 408618 994648 968577 118695 559132 675277 808838 133632 482578 965305 763744 223984 836958 630266 287080 53010 792607 103291 441025 748208 71867 282809 850536 341401 101081 131829 404541 1200 73843 156252 966198 482460 150899 451126 601154 226382 126403 926344 360013 608980 891648 123757 349315 244957 270374 152746 297966 579332 256036 738990 327540 844254 21799 694427 185654 639231 342607 106547 156783 932801 262798 122980 415261 930048 574105 532766 156429 700507 459109 32793 825839 867108 672901 691505 112064 943275 844251 926381 38958 616638 665371 882849 460892 203521 577275 162897 359103 436234 269443 515885 369034 48592 638864 784294 494991 729321 833412 651419 946179 808872 200564 288369 675980 873464 979874 304395 333090 340476 230776 372048 957113 896146 254896 934356 99666 348523 97253 975120 784756 883047 491005 153789 931639 646220 454435 426629 375540 287846 594400 838071 96717 311315 126439 289048 184778 106312 593443 517868 446787 824218 406267 920252 720363 661162 854607 336380 9684 951859 827851 794439 351258 318855 464580 799248 965075 919014 742228 856966 723211 336627 695036 819927 647941 821475 625327 349071 444138 218769 383290 407277 42986 789556 327528 279700 450717 182134 132431 976753 650345 960281 771191 517954 279136 752122 317201 760562 671135 59428 617527 910697 912407 312563 730624 76699 650389 872302 425769 94526 91070 325410 501802 134055 114965 345681 930106 82034 44167 578888 58786 694511 539168 346328 728816 334655 98450 46016 95216 285936 105443 712743 196633 17849 541657 443608 610900 192045 315909 36668 286570 406978 362078 304724 57384 993394 650404 503841 75427 694570 82728 134212 905432 621895 480540 634247 472902 578989 196614 84469 381276 302057 313563 577908 836257 855219 21515 447156 47263 337423 176 850185 260752 878605 671260 834487 871998 321663 338327 947425 532585 421054 81636 954368 559301 78527 588615 32202 657515 785228 633022 38791 603636 946585 133050 956245 801803 670917 403400 365418 8339 919927 215602 785443 798531 403213 619929 670529 724875 958256 617953 773811 379309 215940 728179 454961 294467 833145 3514 468333 618372 636536 23475 738360 583120 156525 694604 384922 827441 614355 266691 352131 534282 998644 653925 849164 401856 273854 519692 643083 748461 653996 416893 644121 386288 145071 99082 680754 494567 102595 149086 629291 739130 688913 367650 838601 845437 578605 739875 189229 709311 6565 57711 759944 5209 711636 609108 407064 501841 645151 50146 250301 299147 983391 894421 201786 644813 509854 882539 139380 128801 547976 768670 384282 236888 652671 222883 598676 231275 962757 787904 940585 969321 361967 700529 490881 73602 309636 897945 575442 471138 464442 342094 286636 447832 752866 488421 608997 262720 887311 748376 391520 435287 517045 292153 188526 686067 515035 787202 917341 994143 91457 374277 963464 453423 74805 454344 43376 900792 868640 135169 888282 849434 477262 174917 297265 230128 663338 422613 9199 550648 170988 917070 502286 204384 209222 690812 890450 240609 994365 324142 234751 602173 698419 198214 571948 289575 168910 615323 706719 553901 266844 595000 403334 744105 769916 216951 490584 949605 639563 16134 16605 326903 933203 518890 531286 658777 726053 938088 899385 236769 262229 134135 838942 476999 848701 410889 766574 533962 542563 989644 87862 809406 584643 491196 69863 870910 224498 76798 820515 864060 92932 353471 190962 542486 388712 238600 201262 114765 176687 100646 867885 955267 751133 706826 432266 116185 634066 715191 650146 692981 704834 254359 18738 805828 745554 88600 676737 486403 165398 13603 350463 774681 367073 57776 317166 272137 296375 518428 903253 989413 135425 771137 461032 402909 994315 409649 519093 628380 641191 169238 321360 346024 423597 856450 668203 685502 945049 344939 171905 626798 874894 38719 401478 758318 96494 234996 30454 909221 753423 933706 414985 405199 704843 392368 808108 699157 802016 327200 843888 959558 12790 681600 821933 952738 538049 490135 638239 999449 351426 326495 626247 226319 365213 544076 984636 978059 295423 531442 403631 565197 465147 818615 970396 686341 727335 778503 901849 45702 622054 262089 5260 151195 943688 827192 103932 998088 317327 742171 997536 185104 585017 140134 411422 950230 684210 912409 444640 495984 443850 848270 61181 425349 183236 31576 628041 426922 326430 46242 472624 464835 308330 477883 616030 768369 821426 719961 766456 655104 978483 763991 840207 563500 420477 251628 30081 104686 680389 991072 117021 124238 839341 178201 65938 538928 209776 693979 965850 52557 256572 438473 517392 564901 432707 133421 333269 770484 853381 616076 425588 348216 896418 265794 428067 316894 33774 458147 937931 714162 449218 54952 354751 804910 233152 937041 860189 442928 147371 826038 495484 403942 780862 12875 485194 729920 662647 818462 500404 32380 950889 442343 380595 847306 224488 808661 164200 258261 783159 102130 488774 748728 157081 359877 69989 390233 813269 930177 349512 960639 272567 844995 364580 53428 374222 849773 299700 36868
2 2000000
955465 968517
18 11
11 11 11 11 11 11 11 11 11 11 11 11 11 11 11 11 11 11
13 1647244
301994 561021 983501 681094 619760 517208 248351 348933 986983 496909 316121 338953 237844
7 1043864
613554 598826 25879 189904 543593 844225 267276
11 1666687
112285 899139 508141 14309 532517 468772 269393 152514 922186 416647 191409
3 492
164 164 163
14 1603
614 984 621 600 831 887 862 660 979 288 258 246 620 388
17 31
19 10 13 16 11 15 15 17 13 13 10 13 18 10 12 17 11
22 154610
92320 856193 194657 131509 253303 40261 169395 942412 328939 317779 73117 183949 522299 263847 563003 134196 62287 319407 837445 762985 896261 793671
10 40
13 12 18 19 10 14 17 12 11 20
19 1924
57 204 876 194 727 768 919 610 649 165 711 457 382 84 912 288 154 348 334
165 1002042
825093 729109 678102 929022 892034 610683 875703 877410 792590 598157 790730 803015 699085 782645 547164 974716 532505 939840 543165 831442 683662 812776 942622 508022 662309 883591 794383 810294 984776 604318 560986 809868 833428 739088 738890 746108 870418 614592 623517 663007 733396 914247 986670 932482 717539 533833 927844 770691 994320 991656 602132 677981 825078 544753 686004 987388 948992 501033 797681 954414 605352 858667 764282 938780 618401 523818 684887 509465 659057 829051 693120 913100 763945 679789 866228 981484 734269 814718 772821 728589 806373 874954 927217 631451 940354 613220 639485 909992 614254 937166 864406 740253 816479 649334 679032 955527 693799 884566 985639 852856 713616 678758 786602 977561 879194 652830 979691 613463 967548 752512 862699 773921 648112 789915 926019 609112 923783 565503 539751 558683 523315 904157 798936 860441 574137 998615 836614 767936 883180 822252 641438 617442 501010 928040 615650 900851 580869 595340 514313 548417 868499 877012 842985 537257 687574 769003 646370 611356 834506 686121 690686 878468 610924 989622 738908 685061 988236 575521 952997 892062 897773 594434 509503 919430 543120
10 1631
714 205 160 929 874 816 41 852 902 173
11 1952107
654654 116204 890215 790769 444634 371725 164706 222696 886594 581834 766047
13 29
16 12 13 17 20 18 16 17 10 20 20 15 20
12 788202
64017 958042 736967 825131 402648 179561 905409 857554 80499 16476 233333 338635
13 1533828
869627 296153 117678 565539 717913 491584 162389 250740 724916 501023 38735 379100 542387
7 897685
962305 34493 80648 540950 80803 433839 566743
20 28
17 18 14 14 13 12 15 10 12 15 20 19 19 14 10 11 19 20 11 20
25 599460
546846 670910 498739 471248 372815 750062 296600 203785 824327 516034 295287 754784 302860 820658 518297 454896 165541 427054 97418 355715 169940 813057 246188 435125 792541
11 177567
848144 385673 117027 960632 255085 103646 937063 147255 38895 744044 777674
40 1777972
736802 736801 736800 736799 736798 736797 736796 736795 736794 736793 736792 736791 736790 736789 736788 736787 736786 736785 736784 736783 736782 736781 736780 736779 736778 736777 736776 736775 736774 736773 736772 736771 736770 736769 736768 736767 736766 736765 736764 736763
11 32
19 17 17 19 11 19 14 16 17 11 14
788 692242
3088 106241 181972 675554 608392 57591 575029 497967 135919 323783 85325 119321 639360 47046 74872 630081 422895 28777 688765 609328 585684 362397 461324 295525 579342 29939 336761 317463 83914 303471 94995 491882 637509 35235 629781 231079 556450 192251 64564 260782 16688 214436 638116 646439 19348 509102 276745 423733 526441 622550 676569 128941 191605 226027 605031 500637 686543 285083 97676 29891 321836 461666 87211 391030 523623 223750 364112 635025 301212 656695 210468 230918 314474 148112 346145 309412 321591 370651 563301 643905 105950 204491 436056 538164 567397 278672 675336 452946 467195 401344 293024 82971 225026 89843 609271 689704 67718 478658 476023 467637 495368 492626 668635 582723 274288 88737 119530 111402 296441 320499 54496 48402 426874 551920 479078 231862 552511 247758 530053 316570 458226 407159 440761 350978 253318 452961 93149 3108 533747 353724 390541 50726 670776 47064 478787 572921 251481 244582 189298 610847 272212 20403 675034 109519 12169 606390 585538 550875 460808 606917 619942 293359 56573 641516 93230 56628 326984 468734 83850 430743 411424 651133 430273 241535 325976 651430 560870 20307 266246 26732 231691 537429 56462 35547 153028 477806 87616 106218 130337 268178 567049 614243 616117 165801 173504 235998 219835 338886 659038 298442 107671 64599 37926 238638 280818 9215 351800 543756 451121 409505 450779 404971 494006 599093 366920 685496 384890 505098 243821 607507 430427 603499 403267 648687 671935 239296 685941 552268 586952 284445 626501 282241 106558 275556 158495 553318 502944 575219 349156 77999 424064 112900 476757 204434 82914 366266 642856 3477 190076 6341 140322 518050 52882 460380 471348 415139 586001 522463 470816 468492 203510 683027 593098 447660 399071 474360 92534 349998 241121 589615 268712 570627 545403 504686 521625 268024 41656 297228 448296 38852 209099 471480 125193 166278 190524 225047 191840 584571 417954 535329 154813 420030 98664 57217 368772 360715 383786 105290 512738 148874 448421 395455 125033 602129 62461 680073 23607 124845 362325 236103 293230 329845 494713 556323 539763 582374 16906 649983 646744 487751 379284 238771 456244 678206 192762 223508 596545 653973 400509 635669 293673 152479 387064 376085 534866 382830 148486 168619 597541 469622 416686 603505 587675 194169 167980 278241 460551 269347 103377 136800 599012 479402 301701 49386 282737 319763 621236 97747 650586 89958 383077 221104 291733 683574 557558 550700 651743 634109 159640 396717 586292 567209 423530 562078 511925 272546 102862 368459 187144 169034 132423 263963 466214 54733 453604 375672 323470 43555 124874 290589 307352 18483 239281 42276 66892 242496 54126 589380 485795 194275 112273 216333 499480 158365 62161 15673 585689 374075 450707 42259 21646 180964 413815 393800 45498 239825 48337 603236 624678 668784 637746 148600 649966 334713 342244 475909 624595 212840 67564 183140 328130 617902 31521 287271 444484 565063 208531 99144 108137 399012 159221 146839 624524 567368 371743 38269 665510 311673 572712 200360 135792 580606 472344 314569 180317 267157 563241 355481 351437 32343 627678 559819 17208 452417 162189 95376 154078 660549 660721 308456 121615 689154 420529 329917 372479 174927 467216 235323 602399 40499 513014 220762 30940 579969 380569 685901 407797 331856 293171 251126 296787 67647 136778 21466 243946 134684 671839 494505 399218 130164 539214 179228 107979 557531 440737 395014 640065 415497 461163 541863 570980 543642 662351 265368 106704 187556 141542 271713 662303 289381 636428 69692 230576 645196 635614 289725 612282 5699 222620 23458 251505 156913 331527 535077 95697 102627 109868 134711 67671 580840 383367 106553 74933 223539 170617 593314 456919 663465 643840 129001 31693 689134 645178 127179 261969 449746 139731 94701 169779 49009 413570 121262 500402 197737 634651 487808 438924 139974 672894 377673 627643 85852 641299 312176 617309 287441 340442 175381 52177 1424 635780 601549 133425 625350 532602 597247 303374 261815 206447 431460 653390 425996 55814 471138 425201 688299 471524 525964 466215 312958 216219 579182 157310 231434 516861 448472 555442 150379 14036 138924 422094 608328 190305 536092 217882 398883 545554 584105 357529 597884 543368 383732 94358 511278 481774 353356 117023 40812 516287 226028 267041 561905 498073 303281 502166 404801 212973 365258 643233 499991 523208 483143 215186 52744 602284 370406 74340 90693 477056 309165 588865 157165 604626 518738 81395 221426 198236 338518 241463 219898 111636 90113 388868 510270 88743 72300 117726 530339 220718 555464 268509 179504 624571 84735 388771 65741 256186 76125 141367 684944 131372 341264 584263 6301 174192 361544 558817 213584 395801 533877 389147 594566 325322 402517 157376 488732 424218 659899 670596 345849 657007 435836 544130 388961 234016 501718 50943 156150 161903 574516 360386 456139 402861 414001 3943 308510 690818 196874 374779 146688 419696 410001 593578 255574 468703 533021 277103 213164 661302 401653 6746 398569 483711 261499 8668 197529 41109 599708 472407 116336 594495 575906 104567 479269 270148 308875 256406 582211 220894 501937 278427 303095 68313 224605 318167 639498 654316 346097 110031 453471 596866 524262 673759 213455 534932 2538 428279 436668 441116 175955 586024 71006 215485 305178 7298 199616 517315 243770 89006 79960 98928 380066 623929 330698 617370 425085 290898 288975 117213 346393 33204 58133 113060 343086 340805 45803 316157 377768
17 1831
529 432 523 642 585 464 749 200 93 465 343 144 928 76 843 152 117
11 1669205
529958 353192 509442 816544 464820 445594 11550 730188 274419 400954 573265
15 1126
959 567 540 238 9 990 873 866 928 619 273 296 338 698 982
13 1581647
382270 690339 359107 880717 879639 377352 224169 26850 71544 154928 960439 141745 623012
7 1882618
41365 978622 671807 186788 419716 164949 205311
11 1805
906 203 41 76 742 687 60 734 180 489 190
15 25
17 12 13 13 10 15 20 14 18 12 18 19 16 13 15
3 461
173 396 228
10 1262
866 373 519 290 522 685 477 606 218 927
4 100
80 70 60 50
10 1052738
340002 349790 417227 454496 686554 132243 439919 573523 933814 372420
8 1938878
565068 540287 413956 324485 980339 933869 932991 3565
15 32
10 17 20 13 19 12 19 14 13 14 20 10 13 10 15
11 853920
166562 863524 594747 453315 638637 853536 199298 925704 24812 117739 762997
9 905016
556132 659054 405076 248721 911841 867521 928684 363306 199592
1000 2000000
2 5 1 3 6 4 5 5 5 4 2 5 4 2 4 1 4 1 4 6 4 3 1 5 5 1 4 3 5 3 2 1 1 6 1 5 3 5 1 5 1 6 1 4 2 5 3 3 3 6 2 6 6 6 2 4 4 5 5 2 1 6 6 6 6 1 2 6 3 6 3 3 5 3 5 4 5 5 6 5 4 5 4 2 4 3 5 1 2 1 1 6 1 6 3 4 4 4 1 1 1 1 1 6 2 5 1 6 3 1 3 5 5 6 4 1 1 2 5 2 1 3 5 1 3 6 2 6 1 6 4 2 1 5 1 2 1 5 5 2 5 1 4 2 5 1 6 5 6 2 4 6 5 2 6 5 5 5 2 6 5 6 1 5 4 5 6 4 3 4 5 6 3 6 5 1 6 4 5 6 5 2 5 1 1 3 5 6 1 1 5 3 6 3 1 1 1 4 4 1 6 1 4 2 6 2 2 4 3 6 3 6 5 5 6 5 1 5 2 6 3 4 6 2 6 1 2 4 2 3 5 1 1 2 6 5 2 1 2 4 4 2 3 6 6 1 3 5 3 4 4 5 2 3 6 1 1 5 5 1 1 1 1 6 6 5 4 1 5 3 3 1 4 3 4 3 3 6 1 5 4 2 3 5 3 6 3 1 4 5 1 3 3 2 6 3 4 3 1 6 3 3 6 6 4 4 6 6 3 5 3 4 4 3 2 6 1 3 1 4 1 1 4 4 6 3 6 3 3 4 3 3 5 6 2 2 1 6 1 2 4 1 5 1 4 5 5 4 1 5 5 1 3 1 2 3 1 5 3 2 3 3 4 1 3 4 2 1 3 6 2 4 5 5 2 6 3 6 3 3 2 5 1 5 3 3 5 4 1 5 3 1 2 6 5 2 3 4 2 5 4 4 6 6 6 2 5 2 1 5 2 1 1 6 5 4 6 1 5 5 5 1 5 6 6 4 1 1 1 1 3 2 2 3 5 1 4 3 2 2 1 1 2 2 4 4 3 4 4 1 2 1 5 4 6 2 5 5 2 4 5 5 3 6 5 2 6 2 2 5 1 3 3 1 2 6 4 4 1 6 2 6 6 6 2 3 5 4 5 1 1 3 3 2 6 1 1 3 6 2 5 6 2 5 4 3 5 2 4 3 5 3 3 2 6 2 4 5 5 3 5 6 3 5 5 3 5 5 3 4 6 2 1 6 6 3 2 2 2 4 5 6 6 5 1 6 6 2 4 4 2 6 1 5 4 3 5 6 1 1 1 5 2 5 4 6 1 3 1 2 6 3 5 6 1 5 3 4 5 4 6 6 1 6 4 2 3 2 1 1 3 5 3 2 3 6 1 2 3 6 3 6 2 6 3 1 2 5 4 6 6 3 6 6 1 1 1 1 1 5 1 1 3 4 2 4 1 1 5 1 6 5 1 1 4 3 5 6 6 3 3 5 3 6 5 1 1 3 1 5 2 6 5 4 1 4 5 1 4 1 6 1 4 6 6 1 6 4 4 5 6 5 4 1 4 6 1 2 2 6 6 3 5 4 5 3 6 1 1 1 2 6 2 5 3 1 3 3 2 5 5 2 3 6 6 6 5 6 6 5 3 5 1 1 1 3 3 6 4 4 6 3 1 5 1 4 3 1 6 5 5 4 4 1 4 3 5 6 6 4 4 3 6 3 1 6 5 2 3 6 5 1 2 5 5 6 2 6 5 5 4 3 1 1 2 2 1 4 1 4 5 3 6 4 5 5 4 1 6 4 5 4 4 4 6 1 4 6 6 2 2 3 2 2 1 3 1 5 4 2 2 2 4 6 6 6 4 1 6 3 4 4 4 6 2 1 6 3 4 3 2 6 3 1 5 3 4 6 1 5 5 6 1 6 5 4 5 2 4 2 4 5 4 5 2 3 6 1 5 3 1 4 2 3 4 1 5 5 4 3 4 2 3 4 1 5 5 3 1 2 4 2 4 1 1 6 3 6 4 5 2 5 6 2 1 4 6 4 6 3 4 3 2 6 4 2 3 2 4 3 1 5 2 3 4 2 2 4 5 3 3 5 1 6 6 6 1 5 3 1 5 6 1 6 4 3 5 4 2 2 4 3 4 5 5 1 5 4 5 3 6 1 1 5 4 4 4 5 6 4 5 4 1 5 1 2 1 5 5 3 6 2 3 2 5 5 2 3 2 6 3 5 4 4 3 2 5 4 6 5 1 2 6 6 6 1 1 5 5 4 5 3 3 1 4 1 3 5 3 4
50 1050153
544748 544602 544456 544310 544164 544018 543872 543726 543580 543434 543288 543142 542996 542850 542704 542558 542412 542266 542120 541974 541828 541682 541536 541390 541244 541098 540952 540806 540660 540514 540368 540222 540076 539930 539784 539638 539492 539346 539200 539054 538908 538762 538616 538470 538324 538178 538032 537886 537740 537594
18 1618
806 918 66 148 148 530 951 257 309 98 887 771 67 931 137 503 24 539
50 1308145
868304 867908 864146 863948 862760 863156 868898 865730 866918 870284 866324 861572 861770 870680 866126 862166 866522 863354 862562 865334 869492 865928 865136 867116 866720 870878 862364 864542 864344 871274 863750 864938 868106 865532 867710 862958 871076 869888 870482 868700 869096 870086 861968 869294 869690 863552 867512 867314 868502 864740
4 2000000
1 1 1 1
11 37
17 10 10 20 18 10 12 12 19 19 10
14 422345
296299 929452 824512 308246 508063 734396 843903 362026 219381 414204 104945 170213 935157 599146
14 2
914247 428993 1 993080 82568 1 725229 466419 414529 86659 165074 511865 665106 225530
19 37
12 10 20 18 10 15 13 11 14 19 15 13 18 12 11 20 16 10 17
456 1688326
637297 656583 271494 752888 552644 907789 114691 639888 148264 886079 559892 626669 313018 722256 615176 400599 355007 774035 34983 192754 936201 480259 273101 204595 994370 901160 912872 322632 446781 645989 534098 84078 302571 321943 353317 371566 229731 468007 527806 894346 870437 87697 37367 183455 809953 652542 100405 681311 426577 135387 874064 879129 615646 663516 600075 126367 564676 29298 965350 527808 675286 15799 611885 977857 337741 965201 865774 83824 949559 393579 978169 819996 481276 15535 3450 807580 184429 620206 488890 127357 755592 362954 6485 371237 542821 122911 13956 623848 152208 979305 151656 827494 995104 763540 321702 849196 245093 187475 933019 194651 97406 427540 14646 578681 959426 534447 902612 143854 671004 391501 271210 426596 270806 794046 314184 813627 916956 328139 437474 69164 823796 105481 413009 335251 869021 251062 184446 630465 954888 633817 825115 52293 61356 356113 630973 20781 406911 533584 164635 77915 441437 435844 504510 712242 229890 335045 42220 663197 179536 996046 248712 3331 101526 661720 338581 486898 429133 39378 117362 384021 673194 942477 436313 734549 814941 583638 755330 221851 633573 436316 299765 75009 388511 320626 303603 134752 655671 345822 797949 835206 858219 46660 838536 959745 224732 693468 446642 653864 732845 80356 37884 406039 22832 474197 656939 354124 57834 928620 575974 691406 364935 875739 282767 753446 196364 586369 404549 852034 448542 202497 203591 306761 249157 42126 266505 473888 251945 229498 127751 984790 309853 681987 907180 849036 156183 564118 203159 730368 492738 295485 938125 374024 171223 220891 643821 883938 323611 48370 252324 772153 250866 455914 78913 16374 14392 861769 6613 266336 607618 650716 767477 433823 332702 674656 799210 488884 755126 518721 735603 764215 814205 673727 138238 501779 410970 298411 385716 734580 346780 638039 23084 113997 93953 618348 646723 108344 996468 653335 891031 120438 304050 658508 554260 636751 849515 869821 641986 604640 388541 893940 368854 719097 567667 23444 220875 494988 321854 606591 229567 668633 760981 769003 298981 371285 387350 945703 995980 383818 599038 887011 504255 419439 61870 574866 572542 911384 444686 214527 516024 349579 108467 401229 68675 192485 424672 289550 687472 746525 412492 433390 931509 173472 202392 230490 61109 106094 692544 57088 6263 291581 460450 26869 227372 522319 601734 799913 433703 562771 530791 466078 912349 155609 383658 981024 348093 808330 786925 551916 71206 199416 501658 519067 889239 704049 265908 950347 326494 958451 523787 332756 766384 984236 359624 993755 22907 477709 793667 456609 40480 324457 439038 952828 480066 822695 450203 344510 147376 237127 896426 734934 952894 398083 254000 842133 618483 519907 308831 461329 478357 832617 794084 244740 816853 670060 238494 839759 147768 548512 812719 704599 872969 768108 173779 869386 107154 623981 213895 254530 377460 626672 989463 330353 541106 759814 688837 675941 279720 997668 137269 274428 830284 447704 35520 163488 634115 790365 519598 781883 338877 332316 2833 728197 616775 176611 597582 723929 316944 327828 978458 210755 954500 484272 541107 11957 244085 229944
78 981041
388932 584133 414206 838770 354932 368167 758640 39365 581965 244108 812387 642860 794284 677035 931660 379697 9171 359814 806193 558132 184907 9265 19476 79965 375083 423062 842158 446380 736274 803138 193701 446600 133407 786845 599229 808337 202377 450938 57531 46544 451133 309282 366967 387833 57153 261890 259420 545832 348376 119895 625318 31107 275476 823894 910924 594246 372521 679846 966195 610774 335783 689682 285142 268177 478013 726018 254936 576938 625234 850337 774897 151513 877968 897696 503028 166097 407235 387642
2 2000000
1 40
10 1127838
596771 926342 734117 959169 389453 505035 801584 623410 523340 790251
14 27
16 12 16 18 18 12 13 12 15 13 15 12 14 18
13 604265
394278 264027 603831 362225 140556 929230 663164 78124 51634 74696 463136 722099 373645
7 100
11 34 83 47 59 29 70
15 1335
112 985 611 176 423 395 943 296 410 956 691 481 525 314 97
16 21
16 19 19 13 11 18 11 16 11 12 11 20 10 20 20 18
20 24
15 16 19 11 18 10 12 15 11 20 14 19 19 19 15 11 13 16 17 14
16 1122
389 763 935 368 913 194 188 638 264 532 770 333 785 643 262 317
11 254721
264874 164672 808106 638115 219667 165086 538032 710006 991717 516074 222642
10 192826
492898 765856 557860 444783 382064 682395 287121 124955 727644 239577
13 507641
286754 258762 742438 229632 770716 171277 918442 837294 312240 742378 11264 855839 291038
13 33
15 15 16 17 17 18 13 19 15 12 11 19 12
15 28
18 18 19 20 16 18 18 14 16 14 15 20 14 20 13
97 239565
1000000 1000000 1000000 1000000 1000000 1000000 1000000 1000000 1000000 1000000 1000000 1000000 1000000 1000000 1000000 1000000 1000000 1000000 1000000 1000000 1000000 1000000 1000000 1000000 1000000 1000000 1000000 1000000 1000000 1000000 1000000 1000000 1000000 1000000 1000000 1000000 1000000 1000000 1000000 1000000 1000000 1000000 1000000 1000000 1000000 1000000 1000000 1000000 1000000 1000000 1000000 1000000 1000000 1000000 1000000 1000000 1000000 1000000 1000000 1000000 1000000 1000000 1000000 1000000 1000000 1000000 1000000 1000000 1000000 1000000 1000000 1000000 1000000 1000000 1000000 1000000 1000000 1000000 1000000 1000000 1000000 1000000 1000000 1000000 1000000 1000000 1000000 1000000 1000000 1000000 1000000 1000000 1000000 1000000 1000000 1000000 1000000
663 1800695
585599 135474 242445 966193 982779 466932 291205 663330 241545 74363 765460 246670 339442 922540 606546 409430 312772 419814 855959 662283 896804 128525 23630 777735 698304 914203 627507 998003 467422 328444 314457 53021 980269 556901 19213 479400 540185 826770 142729 298081 417484 908188 544750 756926 347080 667648 682707 659851 603813 538665 838486 500617 183541 378467 794703 881845 292669 938562 879847 760090 267005 194304 813110 763626 267556 348675 243025 324092 691796 385753 622172 109279 810293 683274 382556 157372 867273 65263 333574 471085 120279 688411 488053 303820 66877 282756 185664 875897 221317 581862 635987 4673 292517 965448 768298 560073 830474 527674 400516 522269 913427 539040 147900 240071 222313 530455 397442 89585 595717 247367 77021 232348 935778 81426 536167 2654 880533 238182 878551 101849 820043 30889 622873 112560 512688 391171 188984 859514 918844 105851 898134 348622 644890 46033 105044 383554 576488 18837 989490 688556 266204 582863 920903 201981 664288 973421 720986 544820 211602 115888 163020 547997 663128 785892 176908 692168 693414 365891 551681 612258 988093 449814 477231 632983 495847 582275 532888 588686 117463 522378 277241 383666 105240 714496 101998 285879 687916 822984 830698 415870 455223 993717 963866 118351 295960 140773 810518 989374 23015 362198 117983 11107 328363 595213 160441 340561 693839 693329 929246 811302 732058 206487 711319 353649 437334 813317 639527 125249 636300 986576 541118 91522 496644 21335 726224 792603 162107 536741 781976 185121 415290 416310 712580 260005 527875 873020 600565 221713 82700 529811 549366 814757 252649 260685 684757 689982 590353 324283 331582 743004 310858 872700 350877 323853 894034 77101 116456 572493 130193 414783 757613 61835 831093 986544 321839 358967 859564 922403 97031 942263 452213 162749 273372 704861 939785 958128 911194 530137 798763 242776 273140 625972 631827 624016 949825 42212 701116 66280 614704 347661 997414 888669 409495 828506 875212 731333 703824 251127 653735 317207 193390 622300 479955 983113 843512 419739 457592 754706 949875 256354 513833 739366 882326 145659 363381 832150 187870 580849 414781 318926 928509 412194 207594 854355 757052 599157 585687 460875 850284 755773 778081 560025 378072 258035 543137 737936 194125 517080 492641 660351 773434 6473 399716 172111 668483 279449 4260 372704 376649 935392 691629 305157 347585 415574 159511 104636 531083 261549 81863 381366 17321 859943 941390 911745 634330 878 649680 344806 34309 658672 5157 807742 181496 921224 496204 849978 200672 16815 222681 577320 952206 430662 398828 299791 362587 74690 920778 893669 336238 2640 275034 869911 862583 732775 298007 13264 250004 947686 358069 284313 122709 363225 608406 304204 284449 104610 154181 1472 121424 893213 578792 589982 840226 493971 889772 719165 568661 810549 612833 421250 329541 404219 291160 192123 653345 589166 721738 903349 53203 596158 187661 175911 959383 312418 480114 760183 417027 150646 278006 54803 560211 373149 644784 916788 867120 50907 635952 435780 377807 248785 857029 707347 653003 664541 415821 306347 770058 137558 726047 339613 733716 430059 515523 209450 742477 511989 485984 675855 178986 763989 730657 739196 137138 891792 655984 520609 942698 291935 956388 320505 57071 329768 27851 226425 510660 443672 49124 797070 581229 775170 136682 831296 721581 168556 557097 464057 680544 43080 139911 375882 323421 386920 115077 976910 278711 287412 497518 221409 95699 970257 541913 669121 816376 86115 895546 843388 529786 461021 640457 627367 236190 777138 975014 957770 462045 532111 938178 142589 575190 78089 518470 898610 981360 149898 391871 260070 953662 889388 481478 565712 375996 539742 234832 192372 625857 646729 35759 671994 107749 676215 299360 343939 969704 274374 818060 431748 806484 272590 90688 898025 350678 125509 312987 848389 791759 704857 108458 745420 110597 106288 827483 486592 162381 62314 678963 788237 709043 231073 976583 816791 907287 275942 677081 393342 66667 11493 341442 389502 284082 948481 287527 151111 73990 600513 999499 382100 821721 624308 643871 932317 730595 471353 418909 892976 533666 614223 197564 759060 845296 174146 92203 268934 966440 285635 662276 33106 297127 520069 938960 97560 468549 226486 248670 542538 343350 764520 440989 681422 388828 84859 613739 635774 556211 548999 528749 606229 163221 242665 365288 8516 933162 973842 277450 899601 259477 456077 449059 72955 976145 388018 686867 444693 614503 451888 503583 474204 216408 944571 155625 121587 29430 285715 757360 585640 834713 802461 708220 997934 45125 589860 522801 978286 563701
12 20
17 14 17 11 10 16 10 15 12 15 16 14
16 1310
418 488 444 390 439 274 628 652 286 606 940 543 203 911 282 820
1000 2000000
539812 539812 539812 539812 539812 539812 539812 539812 539812 539812 539812 539812 539812 539812 539812 539812 539812 539812 539812 539812 539812 539812 539812 539812 539812 539812 539812 539812 539812 539812 539812 539812 539812 539812 539812 539812 539812 539812 539812 539812 539812 539812 539812 539812 539812 539812 539812 539812 539812 539812 539812 539812 539812 539812 539812 539812 539812 539812 539812 539812 539812 539812 539812 539812 539812 539812 539812 539812 539812 539812 539812 539812 539812 539812 539812 539812 539812 539812 539812 539812 539812 539812 539812 539812 539812 539812 539812 539812 539812 539812 539812 539812 539812 539812 539812 539812 539812 539812 539812 539812 539812 539812 539812 539812 539812 539812 539812 539812 539812 539812 539812 539812 539812 539812 539812 539812 539812 539812 539812 539812 539812 539812 539812 539812 539812 539812 539812 539812 539812 539812 539812 539812 539812 539812 539812 539812 539812 539812 539812 539812 539812 539812 539812 539812 539812 539812 539812 539812 539812 539812 539812 539812 539812 539812 539812 539812 539812 539812 539812 539812 539812 539812 539812 539812 539812 539812 539812 539812 539812 539812 539812 539812 539812 539812 539812 539812 539812 539812 539812 539812 539812 539812 539812 539812 539812 539812 539812 539812 539812 539812 539812 539812 539812 539812 539812 539812 539812 539812 539812 539812 539812 539812 539812 539812 539812 539812 539812 539812 539812 539812 539812 539812 539812 539812 539812 539812 539812 539812 539812 539812 539812 539812 539812 539812 539812 539812 539812 539812 539812 539812 539812 539812 539812 539812 539812 539812 539812 539812 539812 539812 539812 539812 539812 539812 539812 539812 539812 539812 539812 539812 539812 539812 539812 539812 539812 539812 539812 539812 539812 539812 539812 539812 539812 539812 539812 539812 539812 539812 539812 539812 539812 539812 539812 539812 539812 539812 539812 539812 539812 539812 539812 539812 539812 539812 539812 539812 539812 539812 539812 539812 539812 539812 539812 539812 539812 539812 539812 539812 539812 539812 539812 539812 539812 539812 539812 539812 539812 539812 539812 539812 539812 539812 539812 539812 539812 539812 539812 539812 539812 539812 539812 539812 539812 539812 539812 539812 539812 539812 539812 539812 539812 539812 539812 539812 539812 539812 539812 539812 539812 539812 539812 539812 539812 539812 539812 539812 539812 539812 539812 539812 539812 539812 539812 539812 539812 539812 539812 539812 539812 539812 539812 539812 539812 539812 539812 539812 539812 539812 539812 539812 539812 539812 539812 539812 539812 539812 539812 539812 539812 539812 539812 539812 539812 539812 539812 539812 539812 539812 539812 539812 539812 539812 539812 539812 539812 539812 539812 539812 539812 539812 539812 539812 539812 539812 539812 539812 539812 539812 539812 539812 539812 539812 539812 539812 539812 539812 539812 539812 539812 539812 539812 539812 539812 539812 539812 539812 539812 539812 539812 539812 539812 539812 539812 539812 539812 539812 539812 539812 539812 539812 539812 539812 539812 539812 539812 539812 539812 539812 539812 539812 539812 539812 539812 539812 539812 539812 539812 539812 539812 539812 539812 539812 539812 539812 539812 539812 539812 539812 539812 539812 539812 539812 539812 539812 539812 539812 539812 539812 539812 539812 539812 539812 539812 539812 539812 539812 539812 539812 539812 539812 539812 539812 539812 539812 539812 539812 539812 539812 539812 539812 539812 539812 539812 539812 539812 539812 539812 539812 539812 539812 539812 539812 539812 539812 539812 539812 539812 539812 539812 539812 539812 539812 539812 539812 539812 539812 539812 539812 539812 539812 539812 539812 539812 539812 539812 539812 539812 539812 539812 539812 539812 539812 539812 539812 539812 539812 539812 539812 539812 539812 539812 539812 539812 539812 539812 539812 539812 539812 539812 539812 539812 539812 539812 539812 539812 539812 539812 539812 539812 539812 539812 539812 539812 539812 539812 539812 539812 539812 539812 539812 539812 539812 539812 539812 539812 539812 539812 539812 539812 539812 539812 539812 539812 539812 539812 539812 539812 539812 539812 539812 539812 539812 539812 539812 539812 539812 539812 539812 539812 539812 539812 539812 539812 539812 539812 539812 539812 539812 539812 539812 539812 539812 539812 539812 539812 539812 539812 539812 539812 539812 539812 539812 539812 539812 539812 539812 539812 539812 539812 539812 539812 539812 539812 539812 539812 539812 539812 539812 539812 539812 539812 539812 539812 539812 539812 539812 539812 539812 539812 539812 539812 539812 539812 539812 539812 539812 539812 539812 539812 539812 539812 539812 539812 539812 539812 539812 539812 539812 539812 539812 539812 539812 539812 539812 539812 539812 539812 539812 539812 539812 539812 539812 539812 539812 539812 539812 539812 539812 539812 539812 539812 539812 539812 539812 539812 539812 539812 539812 539812 539812 539812 539812 539812 539812 539812 539812 539812 539812 539812 539812 539812 539812 539812 539812 539812 539812 539812 539812 539812 539812 539812 539812 539812 539812 539812 539812 539812 539812 539812 539812 539812 539812 539812 539812 539812 539812 539812 539812 539812 539812 539812 539812 539812 539812 539812 539812 539812 539812 539812 539812 539812 539812 539812 539812 539812 539812 539812 539812 539812 539812 539812 539812 539812 539812 539812 539812 539812 539812 539812 539812 539812 539812 539812 539812 539812 539812 539812 539812 539812 539812 539812 539812 539812 539812 539812 539812 539812 539812 539812 539812 539812 539812 539812 539812 539812 539812 539812 539812 539812 539812 539812 539812 539812 539812 539812 539812 539812 539812 539812 539812 539812 539812 539812 539812 539812 539812 539812 539812 539812 539812 539812 539812 539812 539812 539812 539812 539812 539812 539812 539812 539812 539812 539812 539812 539812 539812 539812 539812 539812 539812 539812 539812 539812 539812 539812 539812 539812 539812 539812 539812 539812 539812 539812 539812 539812 539812 539812 539812 539812 539812 539812 539812 539812 539812 539812 539812 539812 539812 539812 539812 539812 539812 539812 539812 539812 539812 539812 539812 539812 539812 539812 539812 539812 539812 539812 539812 539812 539812 539812 539812 539812 539812 539812 539812 539812 539812 539812 539812 539812 539812 539812 539812 539812 539812 539812 539812 539812 539812 539812 539812 539812 539812 539812 539812 539812 539812 539812 539812 539812 539812 539812 539812 539812 539812 539812 539812 539812 539812 539812 539812 539812 539812 539812 539812 539812 539812 539812 539812 539812 539812 539812 539812 539812 539812 539812 539812 539812 539812 539812 539812 539812 539812 539812 539812 539812 539812 539812 539812 539812 539812 539812 539812 539812 539812 539812 539812 539812 539812 539812 539812 539812 539812 539812 539812 539812 539812 539812 539812 539812 539812 539812 539812 539812 539812 539812 539812 539812 539812 539812 539812
15 1302
979 138 857 474 348 852 39 488 94 948 803 395 959 537 124
9 278741
421755 870095 614307 971601 513940 95610 649815 345114 755606
11 40
14 19 12 18 19 15 16 12 12 14 19
605 199662
227611 825165 314583 574246 789221 866454 737734 423335 656819 773683 721569 512047 622351 724402 240243 239125 417364 354176 963053 734307 198355 457862 945061 152854 458485 2520 681163 702569 748815 369059 259076 492777 710576 90011 67022 499796 956464 321107 439482 613282 94790 161051 641680 717140 885452 881922 956264 819167 752449 435669 553474 950804 893530 14886 620009 868367 533757 301171 570935 282571 186582 346363 775347 897157 436373 358721 913304 392836 679827 352785 522470 290968 513835 164149 524459 915638 562423 480723 734805 314871 432743 804630 782026 842624 335867 402035 710990 869624 219557 798277 668546 406138 144639 443893 819646 581011 318965 732949 490198 515143 602086 12667 806111 632272 693168 330569 547910 255590 327643 799066 86812 276737 120047 868838 119361 972265 787224 346702 841888 6780 144978 26786 929270 289616 987030 748915 386978 305994 481864 877176 821136 600301 406194 143598 232572 99361 990519 780481 871302 318161 95898 958114 594898 732296 343303 230610 704561 130526 577311 62800 137305 722289 89585 66574 528256 76614 331841 915234 898959 330056 308761 720095 930356 714954 380044 162927 814315 370562 459760 685616 688723 555657 160081 799972 287953 503383 546933 992513 633908 124243 55312 287565 362883 661249 870490 891139 737862 202330 322724 636821 532385 631484 873267 462740 346437 253310 142019 677103 623872 601778 879071 828946 673786 39151 145269 961738 542534 692201 470602 692793 816443 42266 980357 695678 703514 367199 103168 957727 85880 425891 110899 618265 573726 500517 597356 436514 753827 739374 113617 894050 857503 509039 239347 531289 548189 384615 9378 607074 76815 479980 299867 409609 38597 796575 621638 258462 163773 724805 732540 249653 150695 843439 384269 240772 860307 497976 677286 130485 753702 307254 24534 611204 816292 263880 142492 880832 164846 668222 487906 241660 664553 304124 167621 703149 100698 789258 477962 780823 514063 210501 546827 181109 570291 447447 938233 430598 945422 615518 561082 699123 439123 101968 826679 771766 882199 485522 652597 47045 153743 656854 288704 818295 960977 972676 37795 578027 278286 515756 358849 308700 242609 422027 6160 812899 869473 944392 759848 331246 76261 837282 546721 515383 939249 373399 287148 821447 858920 456097 868491 529015 112950 673547 347309 590279 162574 901456 168305 440859 417211 43505 265910 659819 465531 272070 989070 851355 216461 265269 698952 292722 102550 245672 324456 558150 135422 611604 379597 510694 584052 764439 39708 697001 954337 903368 287279 116911 804823 971935 74121 738386 15439 340031 914556 997321 612100 903625 365027 344912 685246 63979 153985 787795 309650 478441 345945 961424 606396 241893 472117 190447 522683 511824 403799 477020 931543 691078 110282 736366 179364 184402 991103 194803 40784 905658 708475 169235 325635 73502 514147 10880 137480 668131 798674 963481 146571 660970 924904 269318 419214 397020 459764 941897 425195 863563 935268 873090 70992 45549 609455 250355 746302 116909 961509 303438 22566 669984 472672 348200 743485 986818 359079 397316 171301 674105 360796 317871 335074 802052 103541 270640 715423 563304 212536 656970 943218 664155 530059 14209 226055 655865 780916 972356 772773 258776 792145 795338 928759 264817 143538 188595 251634 18968 585910 422934 693072 463058 257157 544498 781461 877049 815137 496883 440352 544024 153852 899922 208178 683910 430482 434232 856126 211397 922939 628898 470173 715084 940588 915283 979900 84125 103878 747885 619444 206139 687171 312516 185548 460679 857013 967008 337727 672149 463891 294430 216172 134094 194351 940701 334356 624833 891284 190481 352581 330574 335731 339105 45657 276318 254388 541908 876794 874617 806145 496237 597107 9667 808752 782655 986697 182116 266014 324423 854264 729904 135204 586787 380350 329555 43839 714705 470739 935122 421537 823319 265696 757267 678776 827704 33584 933163 885964 426729 324131 692108 922966 921237 218126 248069 220243 204822 430185 486257 45596 284448 732512 180799 387587 112861 26705 431425 343917 13795 882899 765454 837114 148594 522720 515889 976297 72656 965403 378612 499384 805885 70719 422349 243473 288844 186770 463716 10017 616954 466324 55612 417753
13 436957
499842 720763 453807 771769 660512 312856 349078 268628 501400 613268 166407 706002 564905
10 498463
899918 490340 310280 461691 996284 746619 297086 643277 435653 29597
17 1332
669 233 740 674 811 656 987 486 163 422 580 248 993 175 708 103 67
11 142218
78516 103315 13863 532322 391435 190727 361529 740512 459354 862928 870131
10 472213
207716 589090 141077 373882 934203 896682 652333 178454 160428 461444
13 1639
391 535 258 39 700 320 495 433 403 758 720 908 457
14 38
10 15 16 20 12 14 20 20 18 13 20 10 10 15
7 1913180
744121 791529 319773 2152 87827 765576 343015
50 1827377
999258 996061 950513 931190 919482 891197 881460 865506 856867 834056 820499 783919 780419 774070 744882 737285 736984 709550 708274 705610 681525 664933 659149 655493 635793 610387 605679 588307 556129 470742 461569 450980 443569 362352 275919 261311 213529 192285 150772 147281 118252 117358 109974 93219 81492 74631 73950 68069 23025 22283
10 23
17 10 16 12 19 15 19 16 12 10
15 32
18 10 19 10 11 17 17 10 20 12 16 14 17 10 18
13 34
10 14 19 18 18 12 20 16 16 10 13 18 16
14 22
17 13 18 11 19 16 19 17 12 19 10 10 19 16
12 1975869
985023 209430 318578 766248 374101 643036 404362 593767 808121 458745 820125 799837
11 1168
920 75 343 230 112 452 110 428 148 279 110
11 385297
195622 241500 297430 750716 915123 197754 761115 928255 442595 80278 938555
10 1890
782 240 159 469 240 464 314 888 765 116
13 71120
328000 317916 516700 288449 881779 515172 300225 954131 727313 181167 689460 361951 866850
3 302
181 341 262
13 34
10 19 12 18 17 12 15 14 12 15 16 11 14
9 351797
27248 32309 495514 805246 991123 317985 299167 442835 939016
18 1110
806 30 473 400 988 789 194 693 778 840 782 751 628 798 908 821 374 70
19 26
16 11 15 12 11 11 11 15 19 18 16 12 11 18 18 15 20 17 13
18 1420
851 620 853 293 872 803 208 228 92 614 426 73 798 814 187 84 534 451
7 43666
294726 158285 469468 601328 801420 725432 796949
7 500049
951387 578753 950480 345664 842779 554310 224241
11 1167
75 646 836 540 884 653 894 715 972 245 707
10 501282
215639 995630 95187 872843 552768 657811 73247 697800 375362 234090
14 1214643
660730 761314 88132 850652 930221 610601 816615 656848 280929 949138 246999 578708 51328 992137
3 343
301 374 113
12 33
13 17 15 19 19 13 14 18 19 15 10 20
13 1618
580 970 713 87 785 415 521 663 14 396 72 570 272
10 1707694
290613 225594 183857 313741 886678 982369 654854 363280 740067 451334
19 1404214
224563 871705 532509 286500 186422 632500 727065 611320 283187 39076 108059 746458 899566 869805 656723 564104 598195 349649 348845
17 32
15 16 15 18 16 20 13 20 12 20 11 19 16 15 12 12 17
7 1306599
425757 601474 39295 553805 95996 978837 874169
14 20
14 15 13 17 17 19 15 11 19 12 19 14 20 16
8 802891
729174 953423 732206 450837 351971 224584 330784 219987
13 1338985
470379 1788 372951 10325 435346 469652 561774 505945 919988 319044 130642 689034 216159
8 1812593
92155 23226 488325 570887 134738 177660 869986 619764
16 2084
131 21 45 605 397 705 718 529 623 486 49 150 105 609 753 169
2 2000000
256471 191458
8 1955202
363596 868016 577354 165015 593448 890654 724286 132661
10 527084
547672 85087 594088 588350 524041 373515 335036 121777 466253 192158
17 1618
48 849 748 675 852 33 632 791 927 834 54 208 653 332 185 486 681
11 830745
186951 959635 352305 887320 285978 423969 123765 400700 989036 180403 331007
16 1285
596 461 111 541 370 537 538 205 76 773 857 322 488 829 566 546
11 1042249
798513 341114 960251 241347 280129 827550 97027 222237 945375 652673 776041
15 2087
336 896 198 106 201 814 843 6 251 441 469 531 186 920 482
46 1659419
200508 200488 200505 200486 200480 200504 200485 200469 200498 200500 200484 200467 200468 200499 200494 200497 200503 200476 200491 200482 200477 200483 200496 200492 200502 200478 200473 200481 200464 200474 200465 200487 200472 200471 200475 200466 200493 200490 200470 200506 200495 200501 200479 200507 200509 200489
4 2590
1293 1294 1295 1297
19 1937
873 848 360 398 262 877 645 576 63 898 442 827 605 1 137 524 540 374 532
8 1743342
340563 742457 264927 841937 951886 99857 608184 325986
12 1579995
593763 272679 152015 329495 203234 773311 16059 654743 372457 438244 877737 40800
15 1703
461 88 843 708 285 300 908 450 142 265 53 935 86 583 120
23 1474973
11 14253 15 14261 27 14277 47 14301 75 14333 111 14373 155 14421 207 14477 267 14541 335 14613 411 14693 495
14 1860
482 350 742 376 396 640 318 591 346 572 890 220 680 659
15 38
14 20 18 19 14 10 20 12 11 15 13 13 12 12 10
10 1412
95 117 931 103 591 271 597 287 110 259
20 2000000
340686 347249 250828 1000000 840526 431759 825983 796538 786155 465098 722667 772683 226461 361318 108579 541616 1000000 284962 418119 830440
3 567
188 189 189
17 127
46 46 46 46 46 46 46 46 46 46 46 46 46 46 46 46 46
37 923282
42705 374076 65755 253883 442236 6923 117951 401782 134637 83615 193794 60291 431386 54419 443362 164237 295811 238049 277880 133844 342836 399177 118160 461641 124724 450283 97616 12283 18898 348363 402424 332477 26864 26199 264922 171960 145004
20 31
19 19 20 13 17 13 20 17 19 18 12 11 10 11 16 17 14 13 18 10
3 45
10 20 30
16 35
17 13 15 14 19 16 20 16 13 12 12 15 17 19 10 17
15 33
18 15 15 13 16 13 18 14 19 19 12 18 12 16 16
20 1871
646 738 621 789 17 806 842 224 811 525 760 648 205 37 861 633 305 742 650 270
13 1538534
670842 176126 935577 433839 29528 312044 240803 255121 12253 554543 658150 994621 209397
11 1563999
891050 311343 697094 495533 678346 143666 106133 494960 800514 903414 444098
12 60871
813434 692590 736436 462446 163612 451466 332072 459764 569144 897610 694028 577079
8 924661
318467 66421 536077 272027 9756 303842 299234 759418
690 557239
252513 94980 294340 490454 163865 455194 95952 416732 441339 341432 283359 187013 498721 173438 225811 89679 192698 543492 425249 196200 234086 188979 89691 35678 123965 269147 183093 298846 284409 243845 368510 125619 523918 258320 358815 89391 35257 212837 212568 315411 291894 147697 105245 455518 28802 220839 143349 502313 136919 273875 473018 204788 515894 169383 33318 318524 526648 344650 413888 273105 154069 111403 106565 475211 58514 435318 411708 523278 506651 124893 302649 392017 212304 326273 503879 301419 456219 145526 351242 505247 102055 66784 108440 272059 132961 175802 474942 153612 195652 115896 101015 261809 50588 195590 547907 118069 102287 181234 388434 206105 145860 452188 326577 266981 530394 162972 102043 393372 347536 356453 66411 361036 172532 125916 304723 497927 439531 295306 217290 511601 165485 101717 190447 461548 172354 77258 89117 240132 413869 343876 262776 39138 316378 495743 355480 462257 27671 5421 344670 54924 194702 458785 66790 168803 551816 272826 384892 287080 103814 331751 408806 331705 173880 401762 501846 440118 176686 515790 369896 440121 453422 319462 457505 106391 198424 455180 410450 386824 26841 500830 414126 90256 294461 226813 293826 318404 84857 136229 466983 315506 44173 194482 216241 87758 433649 430918 41445 384885 111512 490446 431320 380550 266772 439092 174721 143141 158008 52603 532498 318979 45634 434019 115296 364419 74308 28358 455591 231976 392723 266721 449744 238270 366788 62523 136248 15651 479980 367360 200786 506405 412970 173577 409537 312413 187927 262381 67121 271197 109956 153526 367374 241731 406337 13578 494178 214708 431523 454466 473567 439629 56404 307013 529563 51435 325258 361646 288275 372841 82023 344401 426888 240858 368260 116360 424275 288770 95851 402995 438503 360537 336442 284954 439168 232421 435857 284130 444313 112925 528435 296037 502666 157898 59308 324818 196701 494712 229541 361582 467080 473705 477489 441942 423888 143366 417985 107491 551298 362532 421483 467847 214703 90156 24741 445724 268464 228371 294189 101646 415339 155473 383227 255820 34541 34632 142191 384707 479311 521559 33957 30587 381437 231760 148473 403625 18516 317326 493722 254590 84217 551637 141897 101982 81770 13566 535958 341796 264150 189860 227376 383662 487157 342531 290463 239912 553653 73630 467558 440666 224520 394267 286321 438654 448799 285163 95690 314852 79342 140503 174453 192819 408764 112146 54569 230660 247281 83530 150899 475469 189840 499380 79746 415672 46911 334104 272075 522693 290257 31360 148824 256288 205995 510324 482927 9331 483609 12432 554665 5598 82296 148432 317504 362754 554280 330425 525876 414096 391556 187341 285989 262897 424986 63516 469480 344206 53314 543670 83138 503994 201754 270914 162815 518099 118735 211150 9263 472380 225486 133346 451992 309124 238835 203980 184395 513930 332714 21439 50832 368519 261929 141566 213362 164233 290518 117117 174010 237777 271246 393004 543661 53358 383796 421007 209700 195598 380766 531751 188728 263047 364540 1845 439949 272284 27037 368711 353259 450618 123219 82210 76865 495835 188720 385102 68261 258391 135755 420095 433274 144267 310695 501297 433479 317104 317859 126321 382784 241827 29806 215473 331423 454947 468121 288091 391753 341761 440876 2956 102772 51679 218631 123755 215443 229250 209367 362477 415048 23274 479442 315597 223132 263413 117708 369307 123586 239380 132251 490828 165681 16873 66817 93549 339946 53243 55938 261198 155796 490422 286041 170415 329860 3581 51990 445265 328865 212587 445088 457645 220793 313394 238258 402464 255756 347870 340994 41343 172134 342547 527433 105051 118143 522603 521978 480369 5937 265345 246543 327698 352362 463690 346088 432346 63058 303528 535798 445831 112470 215807 403709 394419 250226 555392 509567 188462 403165 70081 431619 188528 334165 475026 293087 505558 77795 43309 544804 270157 391170 130350 125711 367396 165221 488975 116572 146785 189876 244473 456205 121377 361639 300951 327986 312765 248114 181394 342534 374145 309954 172343 324617 376001 242383 83667 352449 21277 455255 408413 224630 420990 66818 368777 164512 461286 461387 401439 533962 387854 219820 64667 143113 538720 474097 295425 323153 154771 117115 547976 285175 241638 121920 490118 530197 166066 77928 332609 503925 490418 318966 137142 232619 253708 505800 25486 450672 61403 338606 325479 244826 118582 230966 344930 301478 268962 467548 382513 411375 139252 131990 213033 61491 117608 214692 541588 294858 2569 399337 13743 99594 194761 154243 238714 99730 57854 540362 370226 383357 528879 444765 106619 298918 98453 239730 477897 55392 420319 47672 492571 450843 225529 101034 117286 513066 336397 399226 504635 223072 204874 176472 375842 337414 447281 111969 351130
8 1490530
810986 189629 819281 870930 33853 86557 914375 591874
14 1283
76 269 882 18 614 453 907 185 484 565 595 958 964 795
7 1340547
900353 578639 825193 666076 42555 826155 422601
3 619
180 312 392
22 124
5 4 9 7 1 8 5 2 7 8 6 1 84 1 8 3 4 1 6 9 40 7
8 539666
249852 377576 6642 20376 386511 536856 467678 373241
9 1419380
151992 141192 744487 8345 490981 161713 462840 693887 293955
17 30
12 12 12 18 14 16 11 15 10 16 14 14 18 19 19 15 17
10 1815
34 934 8 123 340 143 345 488 663 19
20 32
10 19 15 17 19 16 11 13 17 10 14 17 10 17 19 18 14 15 11 13
15 28
17 17 10 10 11 15 16 15 13 11 15 15 18 17 16
18 1940
925 334 827 164 417 824 259 533 754 361 475 24 309 761 133 919 417 168
7 1265450
337801 310192 414446 770235 111629 419800 195007
16 25
18 17 18 13 14 13 13 17 16 19 18 19 19 12 16 19
14 315684
190647 112326 528136 317861 201499 416278 303904 190875 960607 574873 33494 127494 481304 678215
7 1859733
516938 272203 628617 876068 342864 369209 375753
665 407972
497543 387455 393747 322127 382434 678916 626317 904482 587127 865030 991822 220202 88825 947008 654110 356242 323528 105313 114262 357330 129686 539726 907046 579240 31534 230400 77476 101499 84346 287293 168687 98240 191099 78786 936718 89885 757701 563034 994366 861179 944416 502539 81380 33240 449546 251841 905833 289426 357153 20095 646755 486838 559820 70152 582429 107705 816903 659904 209203 901248 463548 894241 999487 170999 973026 936204 260883 247078 15590 771600 108256 960005 274139 189635 993244 240036 957827 899077 45813 314979 435523 692567 318168 995342 279070 416948 619398 95972 593204 344952 997219 56751 239192 513057 744101 212218 965613 521335 459295 981202 292935 567551 941206 83425 273537 450801 323460 231364 349877 885625 62694 301751 578191 897214 297092 857261 314161 432841 469584 907364 777792 983155 480467 16984 12563 224567 745553 978175 262254 721199 959376 555188 805101 900581 638612 594990 351382 478423 342705 217610 364047 921750 519361 458590 818963 332804 832202 133124 281997 818137 556839 59788 801291 553657 593123 813854 778224 855027 792028 40477 92578 267756 112016 897678 168336 266979 9019 36069 261753 351723 770031 142152 273473 805743 600741 92435 138546 949294 741910 420542 767430 815101 996682 85073 368757 106156 898926 663332 961183 207305 220160 53760 475060 332175 467789 159748 115505 476808 712168 377258 828530 482198 519409 102002 287940 636501 710789 942838 585794 969050 879731 869575 784150 876412 954647 152907 982568 369924 816238 460102 577229 36398 513861 568640 368572 981649 728387 484077 458456 440555 377686 803338 439104 897094 905339 727044 49946 132479 669881 152091 101529 549611 21665 885678 942375 492664 38584 441294 862587 854822 901395 956167 891219 415255 524807 776142 913255 769545 776570 888063 726451 154255 691400 165555 567700 113090 408950 617645 245569 595182 769735 347097 661144 307752 232774 603518 800415 787710 561163 179353 642531 462557 135520 50101 394163 176678 342594 307418 462574 119164 195480 705377 789770 403231 870931 357470 516320 796232 491466 761888 391413 777553 625336 52556 85304 374462 172426 402070 162171 733588 97774 321053 712497 233293 371153 106659 926322 230098 930428 905248 349261 642259 610624 655383 45489 997906 12852 561809 794137 20669 323696 701901 798221 949032 754456 399876 323493 443233 318297 2015 693173 416071 323067 405669 165715 210571 28679 92037 440668 959107 513636 306281 601365 124259 961663 646854 122164 490866 725014 916300 27886 565061 618200 826107 514092 889007 742334 353936 848592 60631 872302 541764 993053 195368 463784 158767 922290 8814 767155 362958 967920 280790 185590 85637 921400 663604 248842 43563 154469 973855 476214 182354 538915 610765 524812 569359 499772 783498 439646 864715 360480 311948 922830 353532 23667 386613 28650 945957 911778 795805 825266 879698 592946 10855 481686 514346 674458 730527 74260 345278 220733 550474 43983 275999 161238 568795 845357 177361 352292 801355 42075 229123 629654 964904 582654 653320 867868 611303 115628 779646 923459 940893 175695 32757 468099 657380 63454 658908 904258 137713 520537 641342 204538 564520 917340 365776 649666 279049 543136 518309 80403 101563 747431 710056 66466 330084 879727 450686 457738 995355 230331 897549 452599 406025 930305 920698 579756 510110 95957 365 647822 616494 641706 852360 697365 559045 734487 347030 838093 277622 865338 918495 895536 612768 144902 478354 459203 24629 929039 916940 536335 675721 330840 988933 81745 261144 425982 177852 771253 521939 178216 935427 654784 819921 787786 352148 378965 522272 699177 733410 316245 564514 168256 728133 693633 829510 206486 152835 854138 135524 586126 390472 811244 916966 379404 409340 178109 321738 103543 465714 843676 281758 401140 498459 618030 705277 850606 513346 743900 66134 763107 576496 630647 931363 304628 324279 760872 27465 993465 131361 162988 579590 521832 490583 496555 417587 416274 674664 739324 36168 656729 99351 834277 574220 114161 452306 795848 964766 482004 56099 30899 245110 632594 177897 176472 453574 18527 453695 481038 11991 585055 160378 591581 623238 650960 88135 557177 583586 279150 812852 619753 935878 912203 454030 26449 26363 422687 822296 507481 904690 394746 54731 666152 27340 232628 358975 480913 251154 812670 478302 779497 397724 638679 371077 537314 805991 459211 94490 905928 738361 907341 525680 190590 335895 496061 733391 878610 435100 72038 902442 856141 466784 957172 522292 10475 706151 881267 7739 473657 210288 486040 253153 608011 124719 624229 145324 447061 599791 756165 352988 854503 179858 395019 561445 515752
14 738857
271928 939750 342698 60958 608117 188544 264191 381427 204603 435285 270235 642846 829374 311034
471 1217238
386438 172458 992702 795957 831250 831675 450981 712226 792772 757028 49095 314763 917882 698887 913681 745181 900033 926536 757221 140133 518868 413760 252 79095 884737 809798 853405 88924 394016 57812 893529 780453 230269 886230 92761 577870 234256 543741 290095 543379 817120 855541 858141 735001 70779 288173 996533 970811 731061 270105 110944 766280 683865 627547 845375 568601 437345 698779 657525 831360 272942 67405 128164 19562 953634 220924 597431 704241 281016 403877 247619 98135 775769 622111 349487 846547 910283 346019 817357 641343 616123 444652 923975 816339 72199 769349 901292 25895 984479 75168 373606 773772 142572 501769 793333 612557 239044 907115 316797 36411 827343 564415 650897 603111 186525 516735 449657 613159 862753 267013 770854 995227 228017 694828 327918 816567 980528 229209 842461 481358 304376 216066 255129 446947 234186 564813 575855 989581 988279 892651 25991 815621 973417 193239 418731 676293 709973 868387 289451 89077 651751 576656 84303 879767 271483 928572 696333 768362 157780 55145 249719 978507 271210 21199 941805 505395 102363 517659 494975 90641 926661 37317 906261 416429 230555 841343 92721 940527 709729 898524 29603 877832 475179 630258 273950 263014 75181 970283 31375 749313 541779 797446 727819 812989 818644 185976 834735 921007 219986 846062 527999 662999 883378 950612 79427 630285 791954 688500 570811 501683 587023 116766 895866 578553 263375 169815 357918 338555 656449 905645 87867 198228 219442 332038 11216 38085 518013 845950 475443 254350 692011 3442 917348 91741 954053 996775 722025 262358 685274 809187 764040 788648 925952 176257 883552 189326 346072 241470 44233 2520 663466 648451 200747 882907 980488 211962 437343 14852 574264 912786 269202 782626 432579 702901 874366 902983 699675 596390 165340 901300 921929 445732 689947 847880 621988 89851 553558 968059 847672 114142 486931 511137 762592 687677 910395 259432 415991 347737 274283 506606 776874 59836 289231 725804 762737 679949 628786 978763 792690 794126 880063 714618 756209 86361 562498 378196 176211 632407 862607 540234 746548 349537 51370 509139 553565 478116 768570 969555 825853 559205 476160 602726 619040 765391 844882 898128 961691 473667 876891 754380 784144 273305 468998 540352 876017 31495 434900 568580 180253 297506 108813 926800 163394 160183 952290 716958 638298 720860 686513 980502 796416 679024 99580 931807 960766 944461 829935 922456 418127 223177 676836 718623 496481 145833 258974 888849 693679 693873 457428 873931 507730 566241 317082 671123 242775 269371 904433 881072 506582 107297 377926 302997 786320 477505 234804 747086 938317 581090 185893 872795 804266 862728 591417 817098 524912 366743 705946 218590 60615 163374 608872 84697 245966 925953 272171 488740 711676 176603 886163 218257 800251 264088 37606 586571 257944 788761 850008 196260 369850 552252 585407 690467 414980 176823 507564 456243 543565 729861 191185 120532 409586 800056 721580 655551 242361 993750 144290 470388 686705 30453 688644 486955 810892 242601 589877 68836 31361 439884 781447 401210 508488 883205 91676 923467 60028 115591 896061 119944 845452 87245 240475 255037 403653 962054 426940 162365 472156 571229 632752 158860 118033 837747 162166 928925 80348 752043 514112 111708 708278 811910 29270
12 886535
12157 575869 226801 343854 530294 42644 616937 745933 38273 712124 135127 107392
13 846610
308765 480817 180798 711628 394221 898856 629662 124201 87396 275009 551699 481748 798657
13 29
19 17 14 16 14 10 20 19 19 19 18 13 16
11 184566
321544 261647 442463 822472 977570 451712 104679 51781 896495 486742 250527
16 1843
547 358 170 540 294 633 640 494 77 457 188 573 736 616 415 888
19 1542
260 405 921 984 275 562 505 311 38 110 528 317 344 170 331 470 415 906 820
14 1824305
978171 423191 320365 209808 951699 896233 952960 295552 426527 995603 912488 688811 550227 140963
3 318
251 439 172
843 746310
790611 448140 954920 220538 652784 778405 557416 598719 731766 177000 124039 670583 871724 704412 757843 191355 115242 366080 948025 11105 79361 560051 256841 45303 604806 465149 112468 944518 573364 680753 245001 880326 128892 199920 100863 298028 494677 174631 896746 226442 351630 537136 413377 739705 241547 687571 447411 356789 53650 911787 884245 649363 471838 657437 694665 592995 122585 323484 537512 212300 4236 782513 92626 649480 498784 709840 463859 509812 400822 876956 736254 268803 414091 665982 8508 171989 353552 455918 45129 407201 884057 445725 572915 355894 103161 783931 948888 742097 107414 2752 954397 628002 785264 563374 793833 800399 789565 257691 310211 190387 134646 562816 459189 65088 228797 984048 237076 582348 956318 798557 505900 840374 244281 78815 196267 347442 379097 661506 89538 2863 664257 560286 630864 449520 640011 941048 766271 945928 715090 76481 136314 849735 639296 111854 431174 868092 95902 184601 450439 568571 983157 956338 408944 743790 551504 121562 607583 930601 783067 213472 933463 447324 773758 80678 413195 930120 538077 179465 876047 253166 772297 528712 619252 411592 640566 50425 279683 252819 235025 246473 821389 734534 719163 746684 478323 270666 868245 85905 717618 651311 815728 167432 614986 589485 764461 544533 35957 302537 723997 912003 555702 496294 440715 174953 424237 597632 741729 703920 366802 493106 466744 704542 227639 185906 451225 222313 972924 835821 824569 206893 3483 640296 890677 618469 746133 171489 163001 782089 474026 403349 210443 546079 415994 167509 237384 356583 281492 495464 60502 164645 988569 43597 869186 216207 229503 836762 954871 718778 672582 295791 442022 676065 452439 332698 810885 198571 504187 490237 497011 494564 893585 223805 556994 825931 391314 794377 182513 189157 289841 759366 353802 278409 802962 222987 10968 548816 576101 482190 783945 248682 777981 225967 441098 746771 558664 251982 945341 579202 742218 958703 73765 152155 182507 630759 494437 573820 941487 676949 762977 747679 952666 116778 542440 271979 856116 69759 337147 432216 551948 121091 197250 846280 863409 638347 593050 938425 406681 54742 517626 665250 13444 107743 333756 712303 254853 828192 286122 196339 21492 565450 460370 974157 198579 2809 246136 571047 72567 99634 3262 140866 220724 716863 503498 84133 871562 612899 538909 278242 667641 56534 459843 197436 680628 793599 909738 935480 621790 712212 648171 159634 794013 108540 133790 508944 627700 896277 79990 700266 995910 599603 357483 732986 316466 860980 333470 704379 473879 872378 498972 657871 445263 958814 371658 125891 752412 281396 577722 890554 509959 225892 50187 820323 850783 700328 329266 478482 112957 409255 695099 625218 525210 568934 874555 358027 946265 208024 62405 936495 596753 561376 594365 42016 36541 482375 684258 788953 280122 261979 195858 790080 4223 762396 610402 371357 979075 939668 849839 608383 865274 61289 233601 906835 630222 108155 264861 576487 832531 843617 512981 429283 921344 623698 987650 957885 106072 188259 263189 386193 450238 975398 692624 970812 737793 819377 342168 233219 275396 708358 841602 140670 769647 591554 563856 916220 699708 345069 9058 532238 188685 38391 477873 626381 178440 981874 584265 284511 170133 363805 187055 136722 339202 396030 107533 593346 215406 966052 342916 490802 674410 184517 147823 960408 776070 711678 876627 992130 56746 402037 40719 761783 440427 34943 904515 618866 16817 488779 419728 186949 368935 123134 323670 224488 519163 947554 334185 734568 913605 677100 741721 104366 377969 889543 64773 154038 117573 457752 662519 174318 859788 703238 452452 816566 738180 356966 435431 271348 362096 371510 458296 247382 494643 298317 471869 530157 762222 806053 264724 192179 483153 6445 296544 861121 412339 361317 531510 529911 335420 194029 220581 711559 413618 673032 528124 668149 546350 479906 939497 908445 851415 914144 155827 862409 212461 144047 392565 974682 950100 173640 166860 949604 696436 979756 327076 108775 857424 858585 155037 192843 568965 375617 904401 498934 565001 948876 167083 111350 428781 622931 536146 796547 537074 208324 175307 265886 352371 84223 756920 818822 257862 440131 768425 470650 419886 95500 95776 277309 470436 250812 986503 555753 142781 407255 54686 707781 356130 738120 335482 301262 361050 387979 614160 898124 596303 305818 164009 465025 390040 920928 283846 164254 361059 568622 151255 297296 180473 247030 90957 167260 14193 77459 723012 156973 1066 294050 381105 873547 32169 716586 691161 393219 104565 305320 807694 217219 127490 488054 682243 33881 408982 482440 714486 286392 567413 865740 100039 264237 112769 190995 947848 643314 784806 670860 316638 785871 964909 697743 659417 513429 930680 350577 906647 551596 172249 714340 285166 299738 718746 483760 849970 127727 966199 564456 930470 49963 430195 546860 830551 59316 737855 778399 702629 39012 449258 535618 824882 930518 233360 650 960298 680392 867579 866945 748339 39827 97636 33505 855916 816381 517264 705885 460459 999815 270340 907280 49777 216887 970492 396680 792554 224698 175078 11534 263709 140687 547151 604942 587556 296863 605591 547853 977254 473169 414797 725592 29347 28785 759096 885262 361517 792712 107499 338328 792526 894190 761959 358654 627428 732450 755333 419981 957147 930410 431514 220855 71096 978665 342148 658651 275527 947739 206504 769132 937259 137652 494723 482958 682788 770171 368219 560657 562882 992069 898984 355407 402611 660942 714060 30038 393392 469393 450019 866890 916154 881532 604097 987250 376548 946244 162252 652074 893982 885107 421205 347593 539111 432280 830550 221898 202450 715120 782554 281683 223541 197889 153441 626151 858831 383852 656188 768574 369596 106206 635463 285750 504090 239559 789351 880637 185803 951602 49063 596136 353061 986619 460080 892171 418898 290629 114068 137699 522101 412974 419381
3 575
287 152 226
10 35
11 20 20 13 10 19 12 18 20 11
8 815939
436105 67364 503994 772581 867200 995164 815346 438074
17 1229
88 893 605 210 225 389 852 486 57 24 769 908 643 973 200 867 775
20 1282
717 792 52 112 734 347 873 41 38 705 566 351 153 90 407 135 871 148 169 323
10 206445
263746 292760 776768 248869 562152 445634 171055 495151 637042 837283
15 1161
367 437 93 51 91 535 536 701 926 114 239 818 355 480 320
11 1457
488 111 198 79 622 19 319 437 332 206 201
10 27
15 14 10 15 19 10 19 11 20 11
7 648049
862327 802589 783530 307362 682246 499473 212161
11 1807978
264875 279214 680657 203420 299443 851662 835975 706009 642431 796960 594085
10 1781146
887404 577809 567877 478451 40944 289976 368447 160769 99428 963314
53 55
26 26 29 31 30 26 31 30 28 31 29 26 27 29 29 31 30 30 29 27 27 28 27 27 28 27 28 28 31 31 27 29 30 28 29 26 27 28 30 27 27 31 27 26 26 28 31 28 27 26 30 26 29
2 2000000
43876 43876
15 24
14 16 11 18 14 16 15 18 14 12 11 11 13 18 14
10 55422
876530 325400 784587 421217 606053 411533 385013 670466 298950 140338
8 498684
389404 843078 877967 500853 409821 107511 943307 839140
11 1719040
535658 853963 968633 53950 226568 950833 520954 977850 735621 771487 552846
17 23
18 20 11 16 18 12 16 16 19 17 18 16 19 20 13 18 11
11 112514
18245 827101 147211 177841 414408 417238 70202 468084 104823 320054 362012
20 1443
707 611 370 901 319 6 201 578 456 694 843 508 628 280 442 99 284 858 938 747
3 393
390 166 235
15 1409
15 775 894 224 999 634 427 836 691 451 604 950 93 577 501
13 37
17 10 16 18 19 11 10 16 17 13 20 13 20
25 149
5 6 7 9 4 2 9 44 3 5 2 9 4 6 4 7 4 1 7 6 2 106 7 7 7
12 161265
54523 304329 941387 261214 663435 822104 657204 557138 46272 684053 628681 201200
7 271853
950653 751283 784789 734182 58645 467034 750006
12 1891268
887035 77005 290020 752320 63987 303280 68440 919291 541123 715344 510934 97254
11 1426
124 276 309 653 227 917 314 676 155 84 742
13 150323
49144 586768 816640 28336 280654 110594 447445 548062 371066 755326 384186 889570 843152
60 1564622
23565 37660 41685 42628 61202 96771 107391 115299 120335 139466 146600 154296 156528 179647 179950 190852 194614 197909 210095 213499 215687 221074 242952 282275 300896 309912 334650 382511 387977 400946 410999 420720 430861 432820 442871 451573 522608 537042 548932 616608 620667 670235 686323 714697 716688 744597 759410 790570 830847 831650 845301 882260 896130 915552 925968 927350 954957 960126 978756 988177
18 1449
718 901 522 930 533 178 23 183 448 569 91 253 599 915 5 938 55 198
14 1405265
926103 912967 390285 707330 708533 70941 427101 524327 922603 779427 746687 81385 576387 340771
7 865397
11777 556000 212141 880942 735330 118287 685684
93 2000000
1000000 1000000 1000000 1000000 1000000 1000000 1000000 1000000 1000000 1000000 1000000 1000000 1000000 1000000 1000000 1000000 1000000 1000000 1000000 1000000 1000000 1000000 1000000 1000000 1000000 1000000 1000000 1000000 1000000 1000000 1000000 1000000 1000000 1000000 1000000 1000000 1000000 1000000 1000000 1000000 1000000 1000000 1000000 1000000 1000000 1000000 1000000 1000000 1000000 1000000 1000000 1000000 1000000 1000000 1000000 1000000 1000000 1000000 1000000 1000000 1000000 1000000 1000000 1000000 1000000 1000000 1000000 1000000 1000000 1000000 1000000 1000000 1000000 1000000 1000000 1000000 1000000 1000000 1000000 1000000 1000000 1000000 1000000 1000000 1000000 1000000 1000000 1000000 1000000 1000000 1000000 1000000 1000000
19 1537
749 809 217 374 104 555 71 85 47 877 309 895 588 706 508 464 351 83 879
20 20
19 20 11 14 19 19 17 14 14 12 16 16 11 18 18 19 20 12 17 14
11 5029
51 101 81 94 95 16 97 60 86 120 39
50 1633058
773039 773198 773357 773516 773675 773834 773993 774152 774311 774470 774629 774788 774947 775106 775265 775424 775583 775742 775901 776060 776219 776378 776537 776696 776855 777014 777173 777332 777491 777650 777809 777968 778127 778286 778445 778604 778763 778922 779081 779240 779399 779558 779717 779876 780035 780194 780353 780512 780671 780830
20 29
13 17 12 15 18 18 20 12 20 17 12 18 16 10 19 10 13 18 13 20
10 1014818
742303 795765 216415 950018 384855 357491 840252 835409 770524 8936
3 570
190 190 191
23 535023
734972 451171 830971 74266 593616 91503 930458 788272 223011 183760 344884 193920 642523 190174 226535 715639 374122 265185 979485 453476 399380 235008 341101
44 518292
1 1 1 1 1 1 1 1 1 1 1 1 1 1 1 1 1 1 1 1 1 1 1 1 1 1 1 1 1 1 1 1 1 1 1 1 1 1 1 1 1 1 1 1
12 843206
499438 776247 845112 854929 790393 12100 918952 391832 606187 507301 915872 979701
12 1434099
89173 371791 986044 473025 544330 754617 842620 166888 906432 128369 670977 145990
47 1135194
269702 269703 269704 269705 269706 269707 269708 269709 269710 269711 269712 269713 269714 269715 269716 269717 269718 269719 269720 269721 269722 269723 269724 269725 269726 269727 269728 269729 269730 269731 269732 269733 269734 269735 269736 269737 269738 269739 269740 269741 269742 269743 269744 269745 269746 269747 269748
7 538024
988649 328654 957911 159596 70956 270028 376010
19 35
14 19 17 15 15 19 12 18 20 16 17 18 18 15 11 12 15 18 14
9 270021
878000 7297 294348 465013 972262 480019 770846 731036 629900
14 1306
983 782 742 682 101 588 466 855 345 537 114 153 942 755
7 1393985
884354 448724 901319 513031 976859 735531 230881
1000 1874967
998214 632698 767075 271128 472633 317096 645030 930861 816327 711587 758648 447383 50516 426166 92060 913421 595100 18932 346029 321009 586374 100014 224396 276909 257365 593332 202030 537333 772574 649563 775523 770787 798612 58949 558266 271245 376044 203296 718457 708722 914882 477105 672457 481750 903270 764516 911522 14721 299800 257551 852081 402525 873916 76476 679433 131280 669808 397814 184964 958733 563729 960486 729519 362340 19434 287784 149936 911830 7431 868393 136903 438665 861849 809359 920414 281470 90227 348287 296190 390026 122189 148270 308902 996105 741097 988335 643736 410904 902500 828700 369636 466228 305537 615506 344920 841323 903290 494855 753152 427072 879599 890054 865736 257799 215765 302501 539268 305991 650788 351809 212368 772976 500078 521269 285432 241175 25955 929168 168430 928455 757867 54418 911034 63403 669923 255953 904725 89564 267160 174228 516636 146758 64282 382371 920909 280046 201224 460176 102388 368363 811985 314755 657690 828414 352375 943122 585940 378330 872289 270722 823136 146507 841491 734169 726261 27765 506474 630986 117329 773633 805213 150316 436742 385846 49038 357650 182243 250261 334178 800982 618623 662514 115736 276313 7279 468111 735786 593219 362792 124426 380292 185927 270932 221782 436447 997192 249546 942920 144529 883226 232904 466094 33541 669646 368291 82579 543647 66886 849191 877824 867867 984166 540337 983603 776830 547616 968065 512615 657186 330856 637040 553829 33134 424323 775610 985932 937866 541507 445204 598747 424733 678107 64840 974625 864104 949482 573555 407751 16367 422746 801926 884234 406911 858615 384188 183740 922582 868604 696354 96119 715811 849745 649947 748944 790419 941908 734875 244636 999766 180078 843382 940850 374537 424573 915475 754992 374055 489029 162742 906773 428126 481020 307358 835036 339634 207897 18775 778567 76500 231480 874685 792310 597576 40983 57605 387994 982890 308832 632630 499007 5261 992363 439857 379797 416936 355331 134789 307342 360711 813882 214114 788837 811253 521472 623872 667238 729368 158999 445804 322220 906830 836840 114529 504406 877822 688486 408751 377063 997317 557732 876070 2577 550095 832278 382374 967030 187608 33514 274371 64670 363747 4836 369858 175000 42659 993730 842237 288379 669080 288041 610598 575909 641232 241478 596666 519054 929963 521769 412468 927279 79500 804889 929856 629594 637166 828581 112975 341125 862094 387345 405795 225840 908533 775652 917191 951191 285733 759428 239569 471164 563820 850166 563425 205051 91644 676442 240456 537958 198210 169276 465237 277710 974164 911444 907303 127682 740024 536630 468806 118469 923974 390952 860660 348858 682956 777851 300049 485040 53630 539617 472556 617449 906135 35980 338851 514130 712421 95659 52087 910631 264934 517323 704692 755449 945118 128346 883130 685141 664975 868288 803609 105301 259239 180621 454158 458546 958471 754206 943586 12100 810175 416141 145900 716309 968472 1102 230438 197244 96760 798876 624226 878045 316199 328917 633494 261316 457263 32975 462809 638589 901262 782769 743889 676853 963389 714399 651750 921859 468604 595335 450310 795130 527827 112561 511438 496298 113663 258227 209894 210422 57103 834119 604819 889653 163036 238312 667320 136650 787638 130128 775238 205252 912897 35479 398456 392637 749877 50205 830848 734832 161892 281157 46314 689718 393718 557751 702368 23732 332330 912261 234153 389432 262731 838971 795436 425766 593634 462755 78767 897624 109235 370357 102875 538483 405835 17682 931119 672063 67886 761966 923246 229777 559475 969559 435847 469544 43662 654566 493275 375991 566826 727427 281774 829556 82750 593561 771674 192735 56315 366792 606710 681901 737148 225936 220383 659334 243617 667854 847748 311503 429819 770994 57631 505645 256904 493477 975188 300565 664394 468462 192907 231219 712241 991032 577127 311342 584592 865152 20428 157259 231943 627138 839159 485443 853073 575894 144776 96690 243747 992524 924544 189917 279869 498526 211914 536772 508355 187101 353689 172748 171915 62947 920319 400507 53979 13797 711848 154922 878948 248627 828532 627242 875764 184043 112684 245189 759936 773812 858230 520034 766335 299125 226302 562555 797650 954567 99326 306004 658020 969366 478752 829934 32313 915422 230440 602643 929218 458639 757564 324517 707265 102448 951758 99381 286490 580794 860921 562777 354605 719150 599162 637291 18274 341815 199845 815923 296382 815522 638279 954401 784888 633382 300686 817200 548803 531125 419842 478020 506115 693757 802536 729731 796204 270645 345463 82693 851438 206383 161821 722394 441884 760982 359684 460157 102797 75880 792432 915530 891402 947062 869930 676289 580443 170615 9840 129245 218091 429681 123616 240557 123437 926151 486639 435993 196795 832102 518685 564585 554836 196858 286978 996720 957839 646662 456876 576987 238893 765659 492516 130294 712720 362445 322934 293162 49411 332773 938758 783853 278805 62373 24409 918594 504875 511048 354586 701670 859501 389622 782606 414336 586479 69583 411055 544318 232596 384283 121304 471489 149941 130172 601782 379013 8968 441068 188526 58379 773840 127284 842231 52645 706008 382992 971238 210883 894039 842175 428904 753539 231796 211509 684226 818275 281091 95281 878944 513687 995915 247 985175 662207 646770 103308 41219 655738 60727 229745 714116 834567 873380 72698 403563 579387 455689 891152 790269 866079 733326 219172 135969 481473 430680 820195 299747 711771 431827 178690 741809 427741 695289 243335 89947 342058 862994 131166 514147 923721 877262 228262 274639 750641 817312 194553 330027 789352 602056 636648 655431 851733 855819 307751 333205 802851 127945 632952 30973 559771 811641 289133 503863 23281 532467 593810 365339 911812 241327 879485 835532 118588 624099 626522 385580 957762 821074 231958 263465 423129 868605 918895 274861 240776 742998 608066 559978 870942 757369 590950 947065 85361 880082 450927 108642 928900 44736 990332 840711 802414 386168 192595 921001 526618 819116 822932 731 156542 54890 264196 96022 439846 699442 370883 680621 442439 495300 240598 829733 769020 347899 776797 854380 744332 744075 963021 189583 305163 469704 30294 107576 855872 739240 544929 382489 558355 367860 383220 231248 422749 163767 327270 862595 863208 214504 59567 305647 226155 816517 135379 995174 680767 428527 849553 425099 172601 328926 131033 477763 798629 161326 585339 654500 416917 130267 553341 975272 14478 452912 722871 953579 616678 50140 816173 479885 264643 392091 301883 490797 208607 437261 2322 405726 865787 851875 830824 38388 180800 961856 32502 495780 639534 134192 666632 56450 264458 219972 548073 795288 189235 787296 748866 322264 837435 81390 802148 618430 473480 104031 625578 198439 57643 627900 604164 439782 479774 951339 994521 176925 429546 27022 672704 585431 161214 855687 158233 942023 75658 222657 737310 781244 9952 486175 103507 847387 83916 422007 465816 557396 526037 91393 272186 100031 235644
3 685
155 106 314
9 2000000
1 125000 250000 375000 500000 625000 750000 875000 1000000
13 1567713
480678 905321 302053 432435 285085 5355 908421 637389 892674 194398 61357 532790 595097
4 20
10 5 10 16
770 1210389
339529 256326 843297 412484 232470 231314 615702 677163 362168 67589 180745 352723 800348 641667 24699 921934 671096 310414 679294 773088 145126 998106 481307 659411 559582 71166 182212 54219 634867 982461 448457 490747 755139 808105 419582 987608 555770 35283 181122 917937 102872 878218 787011 903219 519885 811710 341505 707332 122123 20798 480419 783600 535255 961726 443011 94836 32891 625222 149054 184109 124034 113863 674856 879172 921967 610789 383132 477737 646072 564253 912025 748943 442471 699036 168513 478707 27097 510017 186038 149219 47166 666457 449170 582420 144534 892180 193607 693776 33753 342661 394237 157787 456523 585444 553310 894841 196232 936441 372577 842303 500694 284602 107597 459516 499989 276110 454574 527085 302478 156963 192655 865996 823419 641824 448415 484304 534004 158374 178080 84108 17386 572316 241894 990260 157759 311556 885100 353990 247996 257677 712645 265041 542278 820241 240908 558618 612702 695481 85702 915180 852444 278356 781175 192214 436531 745941 676518 486886 904314 370949 570994 921699 459616 329239 911958 133726 640794 797058 487715 888790 571086 716711 670182 629715 536952 911090 188332 149653 122922 790385 581184 491717 68740 878710 683931 505270 624651 876800 508508 45316 764100 79501 483367 223715 408739 911676 357440 49533 708733 361506 454674 796170 594569 124855 425884 131520 552296 614215 797524 191570 404599 378708 683286 989690 257417 883568 11312 398419 276719 519819 443735 40818 599319 927101 780884 524409 838776 654675 90293 63861 532533 61318 860030 127101 702525 802266 258620 254820 932832 56143 446389 853783 951202 646027 843472 724971 529594 371135 123389 806313 407305 83475 847130 522975 10575 144366 47384 365703 799040 137676 945915 331572 715346 805944 458672 417870 124561 717291 672689 57393 289786 635430 911175 757339 281456 754646 482309 811049 642133 122050 133713 49437 205524 980843 572412 732451 641560 136147 98153 440599 790174 44067 772171 505519 366362 747194 923388 490923 464485 112429 548315 270622 747858 459489 544312 545665 730486 542973 356713 888970 665022 6778 938407 870545 987620 27170 119347 145531 163316 217499 586129 469841 777917 874651 975360 144279 621845 415099 151553 602681 527527 699867 873302 791736 675707 933965 337400 922544 476937 210465 811514 141958 217242 266272 528855 721213 293441 648201 866743 973108 382052 452871 959300 159968 327522 451011 820598 465718 866110 972150 68398 393636 188368 941699 185372 380426 392015 39123 302970 868952 249587 630835 10909 466828 413458 56115 188040 223250 704316 54782 712709 86367 24005 672008 762686 867878 123019 583284 333595 989128 71785 401992 899115 260153 860042 600838 156930 252056 639961 976251 121007 889547 607085 648268 356375 536894 704382 60766 760143 925049 631900 472851 527767 655904 144859 806805 523781 784229 390088 373727 773356 978224 775718 188822 754728 152111 789660 911658 404166 429620 887908 41525 835518 11345 689792 191892 64590 910525 769010 824733 351926 400909 297583 879692 56812 958793 202848 96944 259373 592935 470670 32728 87511 762739 737902 842238 914849 527561 270247 835366 473532 674507 876890 309049 685851 83033 17293 266792 509910 786302 91524 861835 187210 905459 257878 244021 380603 460726 857316 639976 570012 844337 189055 657522 607075 926956 16112 38275 970868 286358 873640 444399 960864 750530 753448 163066 349914 770740 429858 859823 557041 37733 238009 260602 943191 495887 20974 323794 472964 878289 480121 559327 722625 669175 216849 846051 112483 749312 884325 83350 35669 757964 44101 512885 24845 313900 675950 374759 600991 105807 750933 674383 659892 988942 934984 603082 1180 955957 443227 990495 350597 439699 549821 73221 625226 283021 919271 737708 32332 319947 337409 68001 77910 897861 580885 619107 211760 773186 993865 812750 395345 261149 3484 55236 250090 938467 174669 767621 410775 617896 758115 761371 57594 307936 834591 682819 107308 270213 936878 139640 106511 790639 723992 184421 688499 821228 319879 900259 594413 313743 229360 506109 91243 232844 561344 341333 687662 736013 625305 98437 870260 383420 859807 444205 207707 210750 127024 831366 997314 580253 971005 103825 370891 211348 804597 59390 32575 124475 476000 143340 954569 221711 649448 45811 970906 210792 903495 174920 463156 528800 273356 333415 428571 649514 777619 152629 376615 420994 983994 373929 517599 471351 994105 888489 682698 798701 464230 231625 923175 456581 374964 877743 194644 24411 439905 165549 751554 343400 340468 214709 872199 130175 64475 817121 779689 358446 969749 156303 779439 470094 46583 297037 941444 40687 701878 624142 839387 682459 372118 278913 139040 747081 673007 850035 287843 112912 15583 39397 456311 872403 770457 844861 2577 351284 661981 298617 709729 631729 971272 5519 101822 17854 818908 559618 574893 37137 700111 414279 719595 72228 693192 374986 819308 366198 225020 623502 995461 756955 662898 451771 629357 949707 296631 148285 300990 958611 963254 527070 106691 934525 48940 724865 468730 867847 284482 43622 904983 500944 974253 140930 573171 183796 515915 908830 549993 257287 532331 545454 14241 711581 513576 159949 177639 810207 824585 478628 285169 787838 522049 391860 238714 570988 633076 707444 955187 433909 267417 376521 934852 241669 517450 24374 425464 549717 449555 491809 807003 981885 553614 337595
10 963209
953561 426984 251414 510856 233311 619860 187977 332738 583174 484763
9 322361
11987 688221 820369 373516 945084 796074 236443 331567 938186
14 207323
172984 782748 485027 118067 578822 721470 449633 33359 559545 248938 550296 348099 877554 426363
3 387
445 381 200
12 650629
662979 906146 288391 613169 452026 116786 853971 223498 129038 924865 398000 640011
3 345
116 115 115
9 559588
286007 623493 67129 779217 359024 298010 688705 914810 236116
14 237023
539947 917207 96702 35097 70600 450337 757271 624698 252695 380764 691826 31911 256139 989835
3 469
328 212 196
640 1052700
205267 401091 776595 108022 803808 714853 968540 873681 50911 457872 758255 612359 763302 49377 915561 542495 906108 272693 447649 868344 381398 67222 718356 294818 57622 875278 647612 351373 875342 368237 510479 80609 285680 287073 704982 89487 518278 673521 479519 569188 647744 754126 697898 927397 319854 613459 986244 225961 402503 433892 610656 783900 501113 329011 78717 75086 204288 242680 942810 79630 127269 969640 676590 412948 256713 897923 18786 291342 87796 14656 376881 735539 768781 74778 179288 88634 204588 165531 830946 607090 115774 441601 390989 133239 286964 986058 724676 491251 745089 667486 87232 872357 637125 280173 801656 410189 178096 336793 701530 265891 351449 594762 517781 636581 669540 697068 241567 874127 378950 588864 481217 494724 30465 388557 144314 833780 890966 868989 325030 636055 52826 928614 508411 689951 208786 310067 616491 386881 646859 318021 652771 514659 912782 686904 151240 98673 383971 909158 489152 279273 498021 486720 290348 44837 875276 434661 878616 282594 820001 203646 918648 872827 648611 943410 79129 857396 253476 695619 244277 416687 529991 413399 447697 959125 100302 115288 57797 625 24445 546948 279897 522466 33667 86596 567302 425295 521256 962270 707888 857608 682267 142887 730434 330877 86296 809562 188272 339772 21533 948900 272810 551523 362299 720506 510647 978952 835794 568444 979576 860238 631743 775824 899055 181762 378771 982709 607056 900026 944978 831295 273986 627244 974181 520771 958120 60476 330333 662743 916599 868217 611643 189408 419739 490293 426266 930386 469244 778411 15181 965172 638648 646923 257347 54055 828684 636118 36763 952091 52495 498092 783385 326480 125335 757565 847251 599806 818041 693935 262548 250991 562151 874190 440399 498241 880834 383016 428626 350078 161426 443806 831601 316425 607081 88947 370479 435764 241416 923593 387855 293911 421684 687591 136742 63370 445156 500344 663175 779548 710630 442075 30538 789132 316264 987288 287373 197098 370303 715998 63527 48080 676156 411479 364505 283236 16777 734983 235351 258193 174928 139557 68455 112963 827148 721548 176333 788655 221892 839507 568202 448873 797933 115091 238005 114197 618731 525377 827646 505385 757726 407524 553465 433881 819002 434321 233468 835778 685655 468819 93970 860582 608375 678776 973545 951874 400324 149877 740528 138567 505735 825081 587439 303668 940172 825443 934216 75254 867171 278213 96990 624897 685736 650454 575129 21089 601126 324949 856866 286781 310119 467188 147362 918493 662315 637258 870367 62638 303486 127246 717556 809221 952327 304995 629240 408850 646789 79807 484103 513960 874371 581092 655208 76458 747898 230336 97546 865375 555284 470763 152155 865402 454302 299517 300247 116617 936774 686965 695606 240260 814210 413162 565832 282888 718156 711423 691737 881296 307581 175839 395255 181951 273283 50462 258408 537532 797150 872305 402906 352433 343067 71413 734187 313721 370929 550785 430337 824054 754101 642294 580665 568310 55455 662848 851198 289962 890622 59286 171258 198202 751477 82864 896504 24759 133326 671263 78642 930475 543567 997899 799259 402986 69311 49797 716706 956591 600581 663394 296997 354681 822039 394013 439343 877494 56861 806892 683807 947482 866177 855064 662036 617653 937928 74891 158763 587605 746154 753756 518079 806072 751655 833689 209057 337317 883486 442114 810260 484066 621859 107256 355099 443898 501268 794441 837743 74480 601332 521549 538314 467508 892965 200349 601513 347244 275239 760275 451200 537744 514031 485630 343816 782037 319318 69224 635705 202803 27690 962316 203221 649548 585923 558319 609797 87191 869111 963891 678022 470442 1792 216335 454301 894756 933035 572165 758351 724626 332440 725902 262369 362822 211531 606184 661210 530848 675408 296914 250003 703097 775582 969575 868996 361504 527893 995145 965046 913355 959035 643068 900148 960826 859402 870800 371933 308789 442965 646635 33414 291756 372536 295782 654577 584066 418318 315786 114914 93725 129051 881268 313173 420984 850842 182168 782488 895086 693664 747533 808440 652699 390600 708587 613524 766354 579386 985457 75142 538702 632091 624907 830457 4627 920688 485033 105044 339005 317170 736309 949081 962573 617576 262253 383556 984769 960773 682395 879854 654436 429928 204645 307134 336879 429583 437010 103232 525321 938818 694725 64022 87260 319631 894479 608238 240319 895863 713282 95675 729385 449590 44756 208309 67166 823360 108216
19 1688
604 634 67 377 490 740 216 670 657 761 627 735 781 211 474 806 373 482 144
12 1426
655 91 134 259 40 579 187 892 889 241 151 293
10 1019426
859428 741785 255168 904500 702731 190627 17623 629072 924743 493143
20 849673
424836 411765 19602 315342 82032 199094 409973 23673 114410 280221 405019 388860 245788 281073 180588 127939 242903 154435 82379 424836
17 26
17 13 14 13 15 16 16 17 15 10 12 18 13 15 20 18 13
11 635734
673571 168907 6117 449611 210276 670329 132524 590151 781427 102190 228787
11 1939
565 789 243 558 316 302 12 382 730 3 986
6 10
1 2 5 8 9 11
17 1556
368 74 335 804 757 892 356 555 174 62 517 896 315 835 253 515 765
0 0
