1345346
189173
24
626969
720777
1295333
NONE
1560633
211018
35
1700
NONE
23
1999968
584
1740995
970686
26
1846
1005329
24
1185346
1923982
NONE
1606743
1034129
1454703
328
1600
31
154607
39
1831
NONE
1616
1776809
29
753443
1442829
647546
28
599460
155922
1473603
31
692242
1771
1546732
1111
1571056
1650429
1648
25
401
1239
NONE
1036344
1914208
32
837935
858646
12
NONE
1577
NONE
2
37
413191
2
37
1688285
981041
41
1123570
27
603692
99
1302
21
24
1118
NONE
NONE
488394
33
28
NONE
1800689
20
1308
1079624
1296
NONE
38
199648
435035
491288
1330
117178
386170
1628
38
1557105
1822387
22
32
34
22
1805148
1150
377708
1670
NONE
NONE
34
350294
1102
26
1418
NONE
NONE
1139
470549
1211150
NONE
33
1550
1637223
1404214
32
1299926
NONE
802808
1292939
1489750
1471
447929
1758670
495292
1608
824669
1261
1039860
1816
401017
2590
1775
1694343
1532480
1643
29306
1632
38
1218
2000000
378
92
911924
31
40
35
33
1703
1490120
1497608
NONE
854544
557239
1462804
1279
1322954
572
124
488054
1235468
30
1597
32
28
1844
1190035
25
313825
1504685
407972
724125
1217198
881060
835829
29
156460
1624
1512
1808721
NONE
746309
513
33
571358
1198
1280
NONE
1138
1110
26
519523
1687637
1541123
55
87752
24
NONE
496915
1713471
23
88447
1441
NONE
1409
37
115
100795
NONE
1806326
1418
138930
1561989
1448
1355814
853617
2000000
1515
NONE
221
1561501
29
1012180
381
535021
2
802493
1425594
539495
535606
35
NONE
1292
1350043
1874953
469
1875000
1545810
20
1210387
952598
248430
206343
NONE
621498
231
534126
167302
408
1052698
1587
1234
996953
849672
26
618518
1775
10
1522
