-55 75
-238 -234
192 278
-241 -25
-87 128
-299 -337

22 -16
-6 -5
10 39
-10 8
30 6
-26 44

132 263
-382 -482
-169 -134
266 103
-282 -332
-417 -476

89 101
-315 -490
-351 -79
580 464
-510 -646
27 -271

-81 20
-27 98
-4 -33
362 675
195 338
145 184

41 2
-7 38
-12 50
44 8
-11 -14
-34 -16

-7 -41
29 -12
57 15
-21 28
13 -22
3 -12

-484 -424
-948 40
-546 101
-689 455
-841 -997
-663 -710

10 19
-5 -15
-5 -17
-43 17
-36 12
21 -33

18 -19
11 -6
13 5
2 -4
-14 11
-7 -2

-428 127
-403 122
148 -78
300 161
317 -22
262 438

-165 142
-275 295
109 -361
-323 34
477 671
-739 -314

-26 -46
-57 -98
-57 16
23 26
-25 20
-12 -52

1 -18
-39 363
79 -761
-3 -2
3 5
-1 0

8 -13
-1 13
0 19
-50 81
219 -263
-31 57

-7 17
490 -902
-305 568
2 0
4 -5
-1 0

10 -25
20 -27
36 -46
13 6
18 -1
14 -27

-42 -38
75 38
-54 -50
-120 -135
-150 -196
132 361

-241 167
218 -462
100 -119
47 -909
562 -306
542 -491

-275 -404
6 -256
485 156
-236 -432
-421 468
-461 420

-3 6
-5 1
5 -2
1 -5
1 -12
-7 10

-351 209
45 -49
-495 245
60 -99
500 -307
-308 127

432 -364
-289 101
-137 405
421 374
109 -960
29 -373

5 0
4 -3
4 -2
5 -1
3 -2
0 -4

11 -6
-10 11
7 -3
-16 19
18 -20
17 -19

235 -443
305 841
743 189
108 -601
-422 535
270 199

109 148
137 -85
15 -329
748 627
192 -26
74 -228

-5 -2
-4 -4
5 -2
-7 1
-9 -9
-5 1

326 192
-241 465
118 758
-323 860
194 -480
10 -514

660 -197
750 583
-325 387
-876 172
687 37
-415 -393

709 -133
19 -6
921 -172
1 5
3 5
3 -2

570 -445
90 -433
273 -346
237 -524
570 -269
792 -231

-56 -37
-8 7
92 37
40 31
20 -14
-48 -19

-4 1
5 -5
4 1
1 -12
0 -11
103 -66

-251 -259
-64 -80
-340 -356
13 -25
-95 -128
889 790

-3 -30
11 23
-35 -78
-145 377
289 -784
-63 160

308 334
635 415
398 388
815 299
150 -528
879 363

7 -10
19 12
14 19
-13 18
-9 -7
-3 4

0 7
13 7
7 0
11 8
-4 -15
9 11

-446 464
182 -162
-22 6
-439 509
-490 581
-90 -419

-22 46
-22 -9
46 8
-18 47
48 36
38 -19

797 680
-292 -142
392 158
-298 -489
740 655
-640 -639

4 -5
3 3
-1 1
-2 12
-196 352
-516 913

867 -465
519 -122
975 -612
-51 -311
-21 368
-39 431

-497 -369
-102 316
-927 -907
266 -327
-217 -161
-392 69

12 -70
-59 3
48 -68
32 85
68 87
-23 5

649 39
780 138
980 -332
-91 277
-698 159
-636 37

39 -58
-110 961
-17 323
44 -13
36 -60
45 -44

7 18
-20 -23
44 18
26 18
-11 18
17 -23

-4 12
-11 -9
-9 -2
-5 12
-7 5
-6 5

850 679
878 672
-316 -432
-386 -457
-216 223
-429 -860

-1 -2
-3 1
-3 2
3 19
10 55
-62 -315

-31 73
79 24
-36 20
84 77
39 5
-11 60

166 145
160 80
240 -830
-23 -37
59 45
74 -70

-2 5
5 -2
-2 4
-2 3
5 -1
5 0

5 -5
-4 5
3 -2
0 2
-5 4
-1 1

-1 -3
-5 1
3 -2
1 5
0 1
-4 5

-387 884
110 -118
34 32
98 -99
50 18
8 87

-442 678
322 -202
-138 -552
-67 598
690 78
-428 -42

-35 -39
16 -14
-14 -33
20 8
25 -1
31 32

-483 -190
-19 -378
161 -270
67 -125
-161 -71
7 -479

11 36
1 80
6 75
-67 -5
-65 -7
-30 43

-30 11
10 -5
-8 -8
4 -5
-333 170
19 -14

1 4
-8 -4
-7 -1
-11 -13
0 1
-1 -2

-66 216
225 -707
19 -53
6 -16
5 -7
-12 -30

-1 -3
-4 3
-5 3
-35 62
-2 -2
1 -8

23 15
-15 7
-13 -9
-158 -333
34 39
14 -3

-94 -34
90 30
-14 26
-74 -19
-16 -31
23 63

-689 341
435 -103
-458 308
-909 -717
-843 -846
-799 60

307 -660
295 -475
59 -605
-408 435
-180 55
-139 185

5 -5
-5 -2
-5 2
-7 9
-6 8
-287 249

12 -2
-14 -4
-10 -2
4 -6
3 -1
14 -12

-304 565
-644 775
-384 621
-634 758
-674 790
-164 438

-14 -19
1 48
-14 -50
-19 -28
46 -6
16 -9

7 -12
12 -6
4 -7
11 10
6 4
14 5

402 18
715 638
398 633
-614 248
85 13
528 143

211 -767
202 -16
248 -264
366 -153
330 -92
508 504

83 54
-97 -86
33 20
1 -82
-85 -65
-99 -52

0 5
-5 2
3 -4
-17 -4
-13 14
-8 23

-48 -60
-54 -84
62 76
1 -16
81 0
-85 -56

372 809
632 806
570 -391
244 12
-829 224
731 206

0 9
-27 44
-34 39
-20 49
42 39
35 34

3 12
531 346
-48 -19
9 20
-18 -1
-21 -28

290 41
-414 -87
-985 274
356 -857
-632 803
-98 237

4 3
2 2
-1 -3
3 -1
1 -2
0 1

39 854
-203 579
-125 702
-186 525
143 231
907 -477

0 -1
2 0
-2 2
0 1
-4 3
-4 1

-831 273
44 -14
-20 7
1 4
0 0
-2 -1

5 13
3 4
3 3
5 2
1 -1
-1 -2

-999 465
-75 23
-58 15
5 -15
10 -17
-24 21

198 -469
306 -442
-144 -176
577 668
496 96
469 410

-18 31
12 30
0 -34
2 -8
48 -8
43 -50

-563 58
-313 -785
-691 -198
-412 169
-616 305
477 419

-358 698
271 652
516 813
-123 481
426 349
1000 6

870 -681
-36 -74
138 -192
-31 3
47 -66
-9 -33

5 -9
31 -34
40 -44
-36 34
22 -9
-19 22

4 3
0 -5
3 -2
3 -4
2 -2
-3 -4

-18 -7
-2 -25
-9 -20
-22 0
408 -457
900 -980

-450 -23
76 -403
-172 -648
755 -262
592 -493
-105 -112

75 -13
45 -56
-30 -7
79 -49
-95 -48
-92 -75

773 790
-957 655
-812 668
-475 692
-529 727
-782 837

356 269
417 225
630 183
923 188
939 202
80 -124

940 914
286 374
-203 -20
-78 -460
-477 -218
-477 -202

-3 2
-5 4
2 1
-59 126
0 -9
292 -677

55 69
-16 5
-8 9
29 18
-13 -4
26 11

407 -458
429 -639
264 752
242 933
253 809
407 -860

-14 -100
-86 -49
-51 -18
67 10
78 58
-5 61

-420 514
-714 24
-899 -884
-80 -891
201 -817
-860 -469

-56 -6
6 56
-34 -9
-50 -44
-8 65
12 80

48 -26
-84 -71
82 -9
-100 -81
-968 -648
-186 -138

5 -1
-2 0
-2 -3
-255 -471
-10 -9
-37 -60

90 -19
1 6
33 -94
-25 31
-29 -69
54 -19

-22 24
-2 -28
-16 -30
14 16
-858 -630
-954 -702

58 -95
53 -13
-23 -47
-112 185
-690 510
-338 301

59 80
100 94
-88 83
2 96
-7 22
-31 67

-34 26
-29 22
-30 42
-44 27
-40 -23
-44 3

-12 22
44 -10
-18 4
3 -8
-39 16
39 0

-854 -460
-692 -574
-287 -624
-44 -654
-44 -607
766 45

-677 -262
-90 -36
8 3
-11 -16
5 -21
10 24

0 7
-4 -13
0 15
-2 9
-2 -7
0 -11

18 26
-43 -40
-7 -1
2 3
-5 2
5 3

-45 81
8 40
19 -51
-34 -10
-92 -27
-66 56

242 -138
144 -203
-102 23
-248 -463
-494 -237
-150 -398

0 -8
-6 -7
13 1
-5 4
1 3
12 -10

-1 -6
-10 -6
13 -11
-20 -2
-11 7
-5 8

-623 -732
461 539
345 60
388 172
133 -390
-387 -78

-17 -31
-26 42
-49 13
-81 57
-58 86
-95 -45

8 52
-72 -6
-97 65
-57 94
73 10
33 -19

2 -15
-11 -9
3 -14
7 9
13 -4
8 10

-5 2
5 -3
-5 1
0 0
0 -2
5 0

-595 -247
-522 -210
-119 -103
54 49
-26 -46
-78 -19

888 898
528 478
476 93
-151 -152
457 -90
437 100

-9 7
2 -14
-6 11
5 -10
-15 -1
-12 3

98 -683
-317 -130
-351 132
175 340
-275 428
-356 244

-25 -75
-14 9
51 69
51 3
-69 -75
91 -11

0 -5
-3 -3
-4 1
-2 3
-1 -1
0 5

305 -269
-64 172
-476 151
60 -59
-375 397
-406 -6

-28 21
-23 18
-27 -8
284 -585
-16 -59
51 -176

-24 47
8 -17
11 32
8 93
-9 72
-45 -76

-75 -66
75 -71
40 -82
67 12
-6 85
94 -40

237 -2
178 -217
131 50
-287 499
-234 473
-352 43

20 -11
27 3
22 8
-182 831
31 -42
-35 229

341 255
-11 -9
696 522
18 20
27 23
1 -15

5 7
10 16
-4 -17
-12 5
-17 9
19 -12

251 -752
263 -550
137 -446
-246 -165
-164 198
-104 138

219 -203
282 -401
280 -145
222 -184
328 -241
-160 -127

-40 83
84 15
2 -26
67 7
-157 27
264 37

-92 -6
-58 -9
-46 -6
742 -982
76 -171
640 -858

-8 -14
15 6
-8 -5
-8 4
15 -3
15 -12

405 -299
721 -539
-15 20
5 4
1 1
5 5

665 -367
-406 477
835 -837
-204 -206
-131 743
-540 356

0 -1
0 -4
-3 -2
3 0
0 2
-3 1

-578 -677
731 -370
-116 -561
247 -404
193 -444
423 -459

316 -321
439 -32
-326 241
313 -491
-128 -329
317 85

7 -2
6 4
13 2
11 9
10 -10
8 -8

21 13
-20 -19
15 -2
28 -60
1 0
268 -609

9 94
65 -71
81 -77
25 88
49 -65
41 82

13 -10
5 -10
18 -8
11 12
19 -20
15 -6

-377 243
160 88
301 239
172 153
19 -63
344 -277

60 36
57 39
71 32
475 -990
88 -38
-188 641

11 106
-288 31
-99 -144
-218 -487
397 168
-466 -643

-21 11
-462 255
-261 31
-121 -257
-119 -119
-482 -296

790 99
-447 3
-913 19
709 -54
781 82
648 727

41 -16
45 -9
31 -21
9 -27
19 -22
-21 -47

-39 6
2 -26
-16 -20
49 6
27 -16
30 2

-1 -19
7 35
-7 35
42 -19
28 -19
34 35

555 171
-782 -591
-661 -759
798 270
354 741
164 229

-67 -65
-68 -53
-49 40
-63 -6
29 67
-80 -16

940 749
609 888
-41 920
-804 93
-655 253
-177 231

-754 264
-865 80
-514 -334
-325 -242
389 333
467 241

241 -835
-440 722
-366 376
-7 -489
-351 280
129 -443

98 -381
-355 267
-309 60
-223 707
-9 -270
-122 -53

30 41
3 25
-47 -1
-41 -48
-40 -50
-29 26

26 -26
-86 -99
91 -40
206 -252
88 93
147 -133

-46 14
-18 -36
-45 28
14 -30
-3 -47
-21 -39

-99 -352
2 439
56 497
416 432
116 170
178 347

53 188
961 692
202 278
-97 -176
-116 -166
60 90

-4 13
-7 11
-3 15
0 19
-10 -8
-2 14

492 -66
291 346
363 -87
474 410
-237 89
-161 204

-100 158
-185 -125
57 26
-342 7
-414 422
-427 -276

81 -19
-24 96
-2 52
-88 15
-18 -49
7 -42

289 118
-557 -967
-282 -517
129 18
14 -332
-397 -867

-97 -713
-151 -631
-21 -861
-447 -63
-50 -794
-727 457

-118 67
165 4
51 202
-430 253
420 -83
-287 139

866 -870
-702 -892
317 -985
-309 -350
-467 -996
-386 400

38 29
84 -30
-32 45
14 -14
-10 -57
-8 88

36 -4
48 -6
-26 -24
-10 -5
10 -17
-18 18

11 -9
-17 4
-16 -6
3 -18
-8 3
0 12

344 -316
888 860
328 -400
732 519
972 981
412 -209

-114 820
-981 -177
-942 -77
-993 -91
684 414
-387 120

-4 -9
19 -5
-7 -24
70 19
-19 -12
65 21

72 -13
-56 86
-63 97
-52 -2
-19 -39
-74 1

0 0
5 -11
30 -90
-16 12
-19 21
8 -20

-1 2
3 2
3 -1
-1 -3
3 -3
-1 0

92 29
-25 -94
-99 -78
-100 -73
19 40
-56 61

99 154
-299 -253
-139 -247
-62 344
20 -45
-222 338

-77 71
73 -19
-93 -41
-646 287
147 119
29 167

-48 -63
-29 -16
39 43
7 -58
-18 -98
-28 -31

399 175
-611 -707
591 -380
-984 544
-117 -407
-490 844

202 115
234 243
-341 951
-629 -817
378 -333
-986 -893

4 7
-7 11
-17 13
-4 5
-1 2
-2 -3

77 -50
11 -38
62 -3
26 -85
32 91
14 50

-82 48
-168 148
-47 8
-16 -10
-10 -12
-4 -4

33 -39
19 -42
24 28
-9 -48
10 25
5 -45

12 -36
9 -88
34 380
19 16
15 5
15 -21

368 -66
237 89
470 -171
636 -324
315 9
-97 430

-608 -883
734 -443
-468 -964
813 -624
-86 -622
168 -812

13 8
11 4
-1 -6
-6 -6
13 -8
-1 -8

89 30
247 363
155 181
72 26
10 96
54 16

236 26
-151 -114
341 -69
107 174
-76 -15
297 89

513 364
-379 237
-264 222
-935 568
779 -21
358 140

-119 129
-125 135
-9 16
-3 4
-1 5
-3 -5

-5 -12
-278 555
30 -85
5 3
-4 5
-1 -5

0 1
-4 -4
1 3
0 0
-1 5
-1 2

307 223
463 199
-290 391
234 -160
743 579
175 -269

423 237
770 368
-175 133
-22 272
-542 142
-393 98

-11 -23
-24 23
-11 42
28 34
-37 4
15 15

-37 27
-16 -32
-10 -47
-31 12
-39 45
-30 3

222 -242
-26 22
-2 30
147 -131
-159 215
-826 942

344 -183
350 67
243 194
20 73
-542 -417
-316 -171

-10 4
-15 -8
4 1
-716 187
30 -26
-181 34

148 -12
148 -47
166 859
444 175
163 8
346 119

504 814
-537 -871
11 16
-1 -2
2 3
0 4

-516 -684
-27 -34
-356 -471
9 10
18 21
11 -5

-39 22
-14 18
-930 190
1 -27
20 -15
-14 -3

-217 364
303 -208
402 109
531 -152
128 -129
-353 448

103 60
155 93
-2 -7
3 -4
-4 0
0 -5

0 -27
42 53
-14 40
196 -35
67 -9
774 -121

-2 4
2 3
2 0
-61 -66
9 12
868 969

15 -16
2 -6
575 -450
-2 1
5 -1
-2 -5

18 -15
16 -7
-10 -12
13 5
-13 0
-11 -8

15 -9
-10 -1
14 -11
1 -8
3 -4
13 -13

934 237
290 444
-14 551
892 243
-772 985
-746 977

3 -1
-5 1
5 0
16 -13
-1 5
11 -7

279 -182
-167 180
-940 803
43 -64
87 -15
67 -82

318 719
82 373
-508 -402
-445 -279
86 252
-417 -291

-1 2
-1 -3
3 -2
0 -10
12 -44
2 -14

-14 3
-14 -9
-7 10
-10 -13
-10 15
-7 -4

-1 -15
-10 15
-5 -9
0 -11
-11 5
-11 11

94 -64
-25 -72
-57 -74
-2 -70
-86 -76
85 -64

16 -12
-4 16
-19 -27
-10 42
-43 17
61 57

65 -62
70 58
7 62
-78 -83
99 -4
-44 -25

32 -12
15 -20
-94 -68
-18 -27
-7 18
-17 -28

-431 665
-544 616
-744 731
661 493
-877 482
636 478

-512 -283
-897 -132
345 -789
-40 -638
258 -585
-425 -487

191 277
-173 159
16 208
205 257
8 265
-107 247

-413 -903
61 518
-434 126
577 -119
82 -511
-929 -266

-6 19
-4 18
10 27
10 99
-9 -2
-65 -298

-1 -88
87 6
95 -11
55 74
-31 46
80 56

-913 658
-896 335
-66 225
-234 372
250 -298
-346 -23

53 -20
-93 -26
-4 -61
65 -256
104 -27
231 574

25 -1
5 -1
-16 -7
-661 308
-41 18
-903 421

14 -20
5 -2
0 2
7 -9
8 1
12 -13

-51 189
189 287
-249 321
-285 -567
-462 -752
852 910

-63 4
-17 0
-25 2
-5 2
1 -4
4 3

-378 654
500 654
7 -394
320 130
-244 654
-872 -394

3 5
1 -5
5 4
-326 439
10 -15
-61 81

5 2
2 -2
4 -4
9 14
-344 -912
-84 -230

38 -18
36 -11
-47 92
-93 -17
28 17
49 26

0 13
13 -3
14 -2
-5 8
-4 9
2 -14

801 909
679 735
-293 -51
-167 453
-272 -48
-388 96

-68 -281
-27 -167
432 -59
-154 -823
-112 -187
17 626

986 145
16 -2
887 130
1 -4
-3 -5
-2 -4

4 -5
0 -4
2 4
-696 -138
84 11
-10 -7

-215 474
-51 -346
-190 200
-132 -63
124 -882
56 -569

63 -26
109 -176
104 -301
69 -6
-89 -12
99 -46

2 -10
-21 -14
-26 -18
-17 -46
-15 -50
-177 310

903 -459
-452 511
339 -430
654 94
-203 -42
46 -595

4 24
-4 42
18 27
16 -26
34 -9
46 -13

-470 273
-242 368
445 835
61 434
113 159
302 -48

-172 173
-780 609
-145 154
-41 81
-37 69
-52 59

13 -27
-33 17
-16 -1
-29 -13
-45 35
-48 39

-2 8
202 -954
-132 621
0 -5
-2 1
-3 0

-1 -4
-1 1
3 -3
-191 263
62 -74
2 6

75 41
140 -188
-381 -305
238 443
-218 97
-55 499

520 -9
-50 35
-704 85
22 -23
30 -26
-6 22

9 -6
23 -71
42 -21
-68 29
-65 -31
-98 -16

-37 792
63 146
533 469
415 -245
-219 -755
496 350

580 -325
383 -399
677 -12
-365 -294
-326 -372
11 351

19 5
7 -15
13 -30
-98 -255
4 -39
166 307

-3 -89
19 66
-5 60
-113 176
-879 914
306 -223

155 -906
-655 192
250 -215
-114 224
864 -304
-953 -2

3 -4
-4 -1
-2 -2
1 -3
2 -3
-3 -2

-33 18
4 -34
36 -24
31 38
30 -40
5 44

31 -75
-9 -55
41 -90
-89 -25
71 -90
87 -94

28 -45
-18 39
17 -13
-20 -5
4 -25
41 -33

521 898
-892 346
-109 694
-311 277
-405 383
-52 618

28 14
1 23
-19 -16
714 142
972 211
53 -30

3 4
-4 -4
2 -4
1 -4
4 2
-3 4

135 435
-10 -18
127 410
-3 4
-4 -1
-5 -5

105 324
-135 -844
94 -540
184 -102
-113 884
203 -820

-319 469
-113 -155
-194 135
-120 -148
-116 266
-140 81

-39 -96
-57 0
-39 -76
-66 18
-41 -72
-50 -54

-628 -762
-444 -484
308 920
-392 -195
-238 113
70 409

0 80
-60 77
84 56
-64 11
-28 41
50 59

-14 -8
-12 -9
10 -3
-10 7
-8 6
-6 -12

-18 -10
775 366
-984 -468
1 4
-3 -2
0 -3

-774 -262
869 549
915 203
734 467
-76 -25
-303 585

-2 -1
3 4
-1 2
33 95
3 13
53 150

-14 488
806 -672
755 -712
366 -402
-263 -13
225 -461

-2 -66
11 -57
3 -50
30 69
28 30
21 -25

252 622
-823 -691
-70 415
-392 208
-829 549
-277 -340

6 1
3 -1
12 11
6 7
9 15
9 9

-401 -310
-390 -123
-171 252
-260 -728
-326 -488
-458 550

-960 -204
43 2
-590 -128
5 -6
3 -7
9 0

-1 -1
3 3
0 4
-4 -4
-4 0
0 3

322 456
-494 156
42 356
391 426
470 436
-1 346

-350 248
-65 47
7 -4
2 -4
-5 -4
-2 5

-811 -190
-454 -106
-139 -14
-36 20
76 69
-4 91

-416 885
355 -765
16 885
-498 995
393 -490
129 -850

209 -398
12 -106
-9 -248
-185 186
-487 -232
96 462

1 -49
41 32
-49 -40
14 -19
-48 -49
-9 41

909 -408
-286 124
15 -10
-5 -1
2 5
-3 1

-40 -48
-40 -19
49 52
-40 3
-40 32
49 -94

-5 -40
-2 35
-1 -8
9 24
-8 -27
-7 -12

36 -19
18 -30
-26 -40
-34 -29
-30 1
-36 32

2 -5
-5 0
0 5
10 -13
7 -12
-80 37

-1 1
2 3
4 -5
-1 15
1 -7
3 -15

-32 90
-30 87
79 98
-536 -439
-63 54
-719 -629

15 14
189 163
-249 -212
-5 1
3 3
1 1

-949 -648
-707 -748
371 -39
-993 -238
-751 -345
745 148

51 -69
98 53
78 -17
32 67
1 51
89 69

-34 8
-32 -22
19 -1
34 36
-14 -30
-16 0

-2 20
2 -4
-6 8
-7 -52
76 -544
-31 92

4 -21
-10 0
-2 -8
904 -894
212 -218
-51 39

98 -51
81 6
-46 0
64 63
-29 -57
50 -34

-277 -877
-787 -469
-395 941
540 193
-752 -497
30 601

-35 48
48 -42
-12 93
71 3
80 -42
-58 3

-652 -114
-20 -2
-110 -18
-2 -4
3 0
-5 0

-54 49
-746 421
50 -7
19 14
21 6
12 10

-423 -163
-217 21
158 -393
-305 382
-288 1
131 -314

-319 -204
555 -208
234 -142
-47 184
-320 -83
-256 -227

39 -381
450 -707
-809 232
-112 -55
-294 62
405 -522

28 -44
36 40
20 -31
24 11
18 45
-5 46

630 -142
20 6
249 -47
-36 -73
98 5
-44 -66

-41 -68
79 -87
-45 -65
758 -885
606 -723
-156 91

22 64
85 -2
55 5
1 29
34 27
61 72

570 128
587 118
398 120
128 500
472 -60
465 -54

4 -5
-5 4
-5 5
7 -20
53 -113
-416 835

600 472
-240 36
390 313
-90 -143
750 417
-264 -209

-21 62
-7 497
-15 232
-19 42
-21 47
59 -38

274 417
-186 -285
-7 -11
-13 -23
20 23
-9 -29

371 450
-898 -978
-53 -27
-20 13
-4 22
-13 7

-14 -14
-19 -10
7 -20
8 -4
14 11
2 -10

-81 -87
-89 33
-72 -36
-706 -73
-219 -3
-156 3

-91 74
18 27
100 42
-9 89
-64 12
-96 67

-73 41
-78 51
40 23
-33 -39
-35 -67
-63 61

-20 5
45 17
-45 -30
-10 19
20 -18
-35 -16

946 522
496 -360
668 957
389 232
-67 -929
-349 -680

-22 26
-15 7
30 -29
-9 31
-405 256
-698 424

85 91
95 36
-85 -94
-667 15
-15 -74
13 -95

-164 -233
72 -145
407 80
-783 -565
-202 -282
-345 -311

-12 -15
49 -4
-30 -39
-9 -11
-16 50
16 -48

-2 3
-10 2
-14 11
11 -12
1 1
-1 -4

2 349
-238 381
808 -290
-38 381
214 17
-232 155

530 -642
-109 -3
260 -344
540 -624
-978 810
-765 597

-10 -29
7 -36
28 -36
7 -50
24 -29
0 -50

235 713
-383 -922
-644 -980
136 691
-572 -964
-125 633

554 942
-205 -87
-512 -318
-350 -654
247 711
102 144

33 37
-36 51
93 -83
3 97
45 75
-45 -55

79 -461
-278 -704
672 -134
-199 -471
449 -303
263 -309

12 12
5 4
29 31
-2 -3
-2 -4
1 -1

236 -234
-622 -268
-940 161
231 -823
-405 35
766 -949

-4 4
-5 4
2 1
-5 -4
53 751
56 790

-617 907
42 -36
-59 133
52 -16
-88 -58
-42 71

93 100
-22 -69
23 44
135 61
-348 -277
814 525

-39 -81
-26 -61
-25 4
-88 34
-37 49
-58 59

-4 1
3 1
2 -1
4 -4
-3 3
1 -3

-25 23
-49 9
29 42
-33 -15
-19 14
-39 -6

57 68
75 6
-87 39
42 -12
-54 -66
27 78

-18 14
-8 -19
-14 11
18 21
48 24
12 17

0 28
-94 5
-80 -17
14 6
-73 -28
28 -16

-1 970
3 16
1 477
4 -5
5 3
-4 -5

237 166
407 135
-224 -22
-95 287
59 138
480 31

5 0
-5 -5
3 -3
-903 377
179 -71
-19 11

-624 -692
-840 -722
-422 -601
-186 -365
-292 -417
157 -325

-1 -2
-4 2
1 4
3 -3
-3 5
4 0

1 19
-25 6
22 27
-282 -30
645 91
2 7

-224 94
516 490
508 -239
-291 -425
-678 -310
600 696

-662 35
-248 395
452 448
-281 -473
25 -479
-35 274

-119 310
146 74
386 14
-14 -371
-106 137
24 -138

3 5
-18 11
-5 23
19 -7
-42 33
-35 23

22 1
1 -30
9 16
56 17
178 180
220 242

-158 -61
-434 177
-404 -60
-156 -441
-84 -160
-132 462

-113 -109
140 877
40 767
258 198
-572 633
330 75

27 22
-31 -37
-30 -30
29 36
-28 -16
30 43

-42 -82
-49 697
-847 -122
473 956
23 -109
978 757

0 2
1 -2
1 5
-364 280
13 -12
-701 541

-440 -180
-467 589
-402 -256
-31 -272
-437 -85
-33 -338

171 -693
-72 -387
-567 -179
-810 127
414 -999
-441 -130

-23 -17
-13 20
19 -29
43 4
-31 -28
-18 -45

-19 -9
12 -10
-2 -2
14 0
1 13
11 -15

5 10
20 9
-7 10
-18 6
-10 18
-11 18

585 189
-84 -128
-741 -609
541 505
-185 688
-251 861

485 -499
78 -46
92 -182
26 -241
415 181
297 -73

-4 53
-502 889
-190 364
3 16
5 -10
30 -26

-446 -710
243 -768
-207 712
-768 -755
-761 326
160 609

-11 -127
67 61
898 579
170 253
454 -441
386 133

-95 -354
2 11
72 275
1 -5
3 4
-5 -3

4 -3
-94 29
-51 37
-72 -59
-2 21
-31 -43

683 319
350 582
-585 487
763 -786
-227 746
8 102

9 -7
-8 12
2 -2
18 12
15 10
6 -12

5 -46
40 34
-34 -22
10 -44
-20 10
35 43

-3 4
0 3
5 5
103 -58
-14 13
-88 58

-41 -29
42 -18
6 -28
-12 -33
-5 -19
-7 39

27 -29
0 -41
20 -6
-7 -18
-18 -49
-34 -30

27 14
-41 33
39 -9
-13 35
-17 -13
-45 -15

20 -33
-43 5
42 -35
-2 -31
-21 3
-18 35

80 -57
-2 -49
-18 10
23 6
-21 -28
36 -91

-192 480
-248 712
-198 -91
-221 451
-262 330
-429 651

17 -4
1 -12
-2 -9
-8 -12
-3 -4
3 20

27 30
10 -14
-22 18
-39 -26
43 14
-14 10

-8 -7
-9 -13
-13 -9
-5 11
-11 3
-10 9

-21 0
-43 16
20 -7
14 43
-2 9
-37 -34

-9 6
3 2
18 15
18 5
12 16
12 -20

1 -5
-11 -5
10 2
6 2
-6 2
11 9

-717 -289
-528 716
-564 545
-661 219
-713 -314
-760 -870

-11 -9
-13 -11
-5 -15
-14 -10
5 -9
10 -10

-83 23
-6 -431
-8 14
-308 50
319 -470
-383 59

295 -6
-155 368
312 75
363 318
450 103
208 209

302 313
-146 -135
339 320
-127 -197
118 -477
285 -613

13 5
-12 4
12 4
2 2
-15 5
-7 5

15 6
-10 -44
5 -22
-5 -42
25 10
20 8

68 57
-48 -5
-38 65
-17 128
69 376
265 854

-96 -65
47 4
-72 -47
872 385
66 15
-932 -442

127 -338
562 898
-460 -828
120 820
-349 -422
-791 -500

353 -641
-726 -566
566 -96
779 449
475 846
-123 -360

-896 -150
563 370
-760 -313
-488 -639
427 533
291 696

-26 206
194 -128
889 384
-136 373
669 718
-356 707

-32 -13
70 -56
59 -30
-43 13
-54 39
81 -82

94 -70
100 16
75 63
-59 -121
-758 -981
156 147

-1 -5
0 -4
-3 -5
2 -4
-5 1
3 -5

4 -3
1 -5
1 -3
5 -5
0 -1
-1 1

-397 602
-202 824
-484 225
-854 328
295 887
-422 491

-71 81
-4 -23
8 -6
-59 98
-28 -57
-16 -40

-968 746
113 -85
18 -12
3 0
-5 5
3 4

4 -3
0 2
5 -2
3 5
2 -5
2 4

93 86
282 -95
373 191
333 -144
-745 251
648 -194

-32 44
-31 -9
-28 -16
-24 -16
-36 28
-22 -36

934 -903
852 -894
518 -21
-765 205
147 -527
-842 342

50 29
-12 -20
-43 -26
19 23
-12 4
19 -14

-62 -60
-80 95
-27 -58
-10 99
-45 97
78 -52

-48 113
-22 58
2 -10
-11 5
-30 8
-2 -20

-941 390
411 -772
-645 936
-253 -430
651 -721
179 628

28 43
32 -8
40 34
-12 -17
8 40
-20 -11

-942 -815
-388 -314
828 560
-319 -728
577 196
336 87

-294 -595
-931 656
-131 -723
-620 -339
-768 528
-457 -467

16 -10
-2 -12
-7 -2
-29 25
6 -30
-9 -1

92 -65
73 -27
73 -9
194 -659
62 46
96 -133

15 -24
4 29
16 31
33 -21
45 -19
34 34

469 -412
175 -393
473 224
413 37
-234 47
356 327

-139 -628
-160 -565
-45 218
-763 -628
-93 218
-456 -205

38 13
887 254
-772 -217
-16 -3
24 12
12 6

203 -769
667 -537
697 946
139 -667
-181 -123
467 904

-15 45
-229 -74
-113 -28
-41 -70
63 93
-57 -57

881 -681
-137 -701
859 -647
202 -613
64 -682
-642 -781

-27 -21
49 -35
-6 -8
-44 -1
32 -15
11 -28

-556 -674
161 -300
341 -192
580 51
184 -227
-284 -530

756 789
-44 -91
-50 -97
-53 -3
-58 -53
-44 -9

-138 127
-173 157
51 -37
-20 24
22 -11
-24 29

-49 45
-12 -14
20 -48
-50 17
-13 -2
-48 33

-580 759
-540 793
-300 358
-216 226
124 -304
-570 853

-80 -156
-259 -159
-416 -338
-503 865
-154 272
-435 659

-12 27
-9 24
26 19
-790 835
39 -24
871 -886

-43 -22
-47 -73
-19 -71
7 83
-7 82
55 -15

-383 420
-123 -204
-369 42
172 -709
-391 76
-505 394

-13 -15
-9 -15
-6 9
-10 9
-5 -15
-14 9

48 -37
6 44
20 20
-15 47
16 -26
-12 44

-1 5
-3 3
-3 5
5 3
4 4
0 4

-570 235
-18 7
23 -10
-1 5
-1 -4
-5 -5

10 -2
8 1
1 -10
-10 -15
-3 -4
-12 -12

-385 381
517 -426
86 -621
46 576
948 -231
477 771

235 71
271 392
-245 328
270 5
-163 303
152 -291

-52 38
-7 77
-39 -30
19 -59
80 13
33 16

6 4
10 -14
2 -3
-15 16
2 7
6 -1

4 -10
-6 8
18 14
57 -34
40 -41
-159 -94

-12 -2
-2 13
-17 0
1 12
10 -20
2 19

10 -3
9 12
-7 -12
6 -9
-4 9
-12 -3

-427 -164
103 385
86 432
171 197
-342 -399
154 244

540 65
900 -834
949 -955
344 549
410 376
295 670

-4 2
-3 -5
-4 -4
1 -1
-1 -1
4 2

-55 107
11 -13
316 -568
4 4
-3 -1
3 -1

4 5
3 3
3 1
2 -1
2 1
3 0

-17 3
-30 -23
-27 -1
24 -16
-500 -54
184 -4

-499 -173
477 287
17 85
-629 -194
87 93
351 219

-13 2
-1 -6
-8 2
-11 4
9 4
-7 2

-143 429
50 860
122 764
709 -708
462 -529
634 -453

39 5
-42 -23
35 16
-38 -34
31 27
-34 -45

0 3
-5 -1
4 5
3 3
-2 -1
-1 1

-107 137
-380 529
-14 12
17 -30
-66 99
-3 -27

-15 1
10 -3
-15 3
-15 5
10 -5
15 -9

-470 -412
-442 -408
80 -86
274 251
303 317
17 -95

152 617
-450 351
410 470
-12 -111
-416 100
-98 -455

334 -959
616 -4
973 913
-433 -290
269 315
206 378

-16 41
-39 -22
15 8
-10 -31
26 -11
-43 26

232 17
420 -171
920 -639
442 -177
-463 -608
806 3

316 -183
-103 -264
-348 -45
49 -272
71 36
437 87

-95 -199
647 -572
-746 110
-929 182
-864 167
625 -385

94 78
-8 -2
3 7
-5 -5
2 1
-2 3

7 -250
-332 -496
324 200
-276 397
-462 427
450 -121

-11 -15
11 13
-4 6
-15 -8
4 -8
15 6

15 -48
114 -15
136 -311
-673 286
-321 880
-290 847

-5 -3
-3 4
-4 4
-2 -4
-5 1
-4 -3

2 -2
0 5
-1 1
-6 -7
-141 -171
54 66

85 20
7 -7
-41 9
-695 -236
-89 -26
-983 -340

-18 31
-5 -46
25 -8
-34 -36
26 40
-3 50

-30 -1
62 21
-76 24
-30 71
39 -25
-76 87

2 -3
2 -6
-6 -5
-6 6
-6 12
-2 6

142 124
-865 -435
990 591
-70 -46
27 -20
-17 7

1 -5
-2 -4
5 3
-56 40
-13 13
279 -171

-22 -13
-20 -20
12 13
8 -28
-264 174
51 -61

110 153
128 81
488 423
-510 994
378 -314
503 -462

-563 -339
727 449
-207 -149
84 -362
152 -294
-240 -165

-87 -28
10 -1
-40 -15
2 5
1 -3
0 -3

54 -90
-40 -60
30 94
55 1
-37 -83
-35 99

-46 -18
9 31
-42 64
-12 -40
24 -21
-6 83

-77 -13
20 -92
-85 17
5 -19
8 -47
-89 99

16 -12
-151 123
-171 139
-2 1
5 1
3 -3

3 24
-12 -20
13 -26
-239 -285
579 670
21 20

56 -98
39 -81
-95 -22
-28 -99
-45 -48
-203 501

119 65
874 947
554 521
-480 80
-456 -9
-90 275

261 205
-13 405
22 437
-300 -18
-216 -350
-168 -352

324 85
432 -313
360 -109
612 -445
342 -154
-474 750

-30 -14
-27 19
-44 -17
-17 -22
-40 27
-4 -30

-556 -173
-435 886
-525 901
-520 109
-650 706
-535 925

-13 12
-12 1
10 -1
9 10
-9 8
3 -4

16 12
9 17
-1 3
17 6
-6 -4
-5 -10

476 -494
-52 -21
377 -329
-532 730
-521 762
436 -117

1 -5
-3 -3
4 3
923 456
17 4
55 23

28 17
1 -10
-26 19
52 7
-106 1
-170 -11

387 -3
-264 69
-427 135
-458 -159
-53 156
266 327

979 -611
82 -56
196 460
688 123
-5 63
55 -691

-612 135
-65 128
54 123
20 76
31 92
77 -14

16 6
12 -8
16 11
5 11
-15 11
5 12

3 3
-3 2
-3 1
-9 6
240 -50
-18 8

-52 63
11 13
37 18
17 -18
67 -23
40 12

-5 5
-2 4
0 0
65 98
55 83
5 9

13 -6
87 -46
-941 510
-4 5
0 0
-4 -1

0 4
-4 -3
-2 1
-1 1
-2 -3
0 3

590 911
-553 964
-695 326
306 -365
448 273
-766 7

-57 -67
-65 -57
-26 31
-61 -62
-53 -72
18 -24

-273 -585
37 12
199 325
27 -20
19 -30
-7 -23

5 12
5 9
-11 -18
10 -7
-7 -11
15 -3

10 41
36 17
4 1
-6 -30
-14 16
-38 6

53 -96
84 26
63 -76
183 -6
-42 -156
-533 -486

-3 -1
2 0
-5 -2
0 -1
4 0
5 1

-3 -2
0 5
-2 3
-5 -4
-1 4
-1 2

-137 -158
466 391
169 75
771 431
788 475
-83 -162

121 231
3 -6
-372 -759
-1 -3
0 4
3 4

780 -441
-767 414
-5 -7
7 -8
24 -4
-19 -1

-166 -425
23 57
-6 -17
-1 -3
4 1
2 1

36 64
12 -45
-84 27
-928 -383
-738 -322
-100 -53

171 41
133 279
92 280
-77 -93
355 258
123 92

-5 3
-5 -4
3 -3
2 1
671 752
-15 -18

18 -10
7 -41
-35 5
-24 36
2 -14
-43 3

132 405
386 578
144 585
-86 772
616 391
846 204

28 9
-28 -15
-5 -28
148 121
30 8
-462 -474

7 -9
-46 75
-12 41
-568 -264
-152 14
347 350

76 42
-44 81
-73 59
-69 -68
87 7
0 -59

4 -12
6 4
6 -9
14 3
7 -1
3 -7

-3 -2
-4 -24
-8 -22
18 -5
804 547
-63 -62

-217 400
-17 19
-214 394
5 -4
0 4
-4 -1

-136 50
1000 -626
570 -75
516 449
21 596
-17 -70

48 41
-2 21
15 50
-46 33
-27 11
20 15

-5 -5
1 -3
-4 -4
0 -4
-3 -3
-1 -5

0 13
-11 9
23 8
173 10
-85 7
-48 8

2 1
1 2
3 1
-5 5
0 2
-3 4

-1 5
4 4
-1 -3
36 10
-374 -25
-12 6

-311 283
-654 142
-271 189
-30 610
838 424
415 471

-678 769
722 105
-132 660
-698 -614
-541 -817
-216 100

-120 65
-678 353
413 -198
-459 244
-351 406
-326 381

-704 -532
-747 -355
762 166
-661 -709
805 -11
-618 -886

-1 -11
2 -5
7 -16
16 2
-18 -3
17 4

16 2
476 -16
169 -4
5 2
-4 5
-2 5

201 540
804 -897
783 -830
866 -731
452 7
366 185

8 3
20 -9
18 -6
-8 9
12 20
-20 3

862 -18
-167 208
-435 -194
-485 -269
-217 133
328 -819

595 -272
-79 52
137 -52
-72 58
-40 34
-82 62

-84 -251
477 457
-132 -299
81 -317
188 -315
-344 -259

-258 -82
-428 -187
207 402
82 128
-167 171
-495 362

5 1
2 -2
-4 -2
3 -4
-3 -1
-5 3

299 17
428 -561
-241 -139
-270 -241
876 -369
732 -63

268 161
-42 -65
-472 180
-451 212
-247 466
-28 -110

-328 -403
-808 -989
-44 -55
14 -26
-10 -18
16 -1

491 147
821 -355
206 -237
-48 92
446 302
284 -313

-71 731
-1 408
97 641
-274 -498
-295 -918
-365 -34

-634 370
-112 436
-304 -68
-628 -49
-692 -217
890 23

343 74
835 506
323 10
22 -978
757 258
785 274

-464 167
-856 -383
-240 227
728 677
372 442
-340 252

674 -646
577 336
741 -248
-644 -438
836 -143
748 -90

5 0
-3 -3
5 5
3 3
-3 2
1 -4

1 -32
-111 -670
-97 -589
15 29
5 -8
5 -22

838 -481
867 142
363 360
111 469
82 -154
-422 64

40 48
-46 5
24 4
-43 -19
-19 47
13 6

10 0
-10 -21
-18 -13
107 239
19 7
-27 -118

17 -14
28 -17
34 37
-50 -39
22 -3
-39 -42

-132 155
-476 515
35 -21
15 -5
7 11
-10 -8

139 302
-898 -364
272 754
-41 130
0 819
-585 260

-17 39
57 8
-37 33
37 30
77 14
3 17

2 -5
-3 0
-4 2
1 -3
5 -4
-2 -1

49 46
-20 -11
3 6
49 5
26 -1
26 -7

3 7
1 9
-3 -2
9 1
-1 -4
-7 -4

9 -29
-50 -32
-46 14
62 -95
-48 -9
5 -75

416 499
-8 11
-10 18
74 0
28 1
-30 88

-424 393
-604 -293
-801 -931
-638 -197
6 -224
876 -292

88 -73
-45 -3
19 -61
-534 952
-16 -42
-87 88

8 -25
-12 76
1 9
-4 -4
0 -3
5 5

289 820
255 -772
30 743
826 716
827 189
50 -42

-800 -235
-197 172
-17 612
904 -477
772 51
433 -48

-89 93
77 -99
0 -57
-135 108
-151 -63
-27 774

169 -156
274 -311
214 -307
79 -74
-41 6
-71 -48

515 -427
425 -353
15 -16
0 2
-5 1
5 1

-66 33
-35 -54
-61 -21
-42 -25
49 -81
-4 -62

7 9
3 11
-3 -14
39 -35
23 -29
847 -345

58 52
10 -36
-13 53
-25 31
46 30
-73 -57

-12 -7
-30 10
-11 -20
15 -8
676 -145
438 -96

-98 -81
15 -64
-74 -58
14 -78
35 -97
63 -18

185 147
525 -63
-61 344
376 -568
306 -705
286 -963

-41 -17
-72 -35
3 60
-515 -49
11 74
-780 -114

-816 497
-469 -435
-663 -331
-111 213
-369 285
-444 -255

20 19
6 16
2 -21
-12 -24
-26 -27
34 22

-91 -394
-275 -118
-319 -313
-681 276
508 -910
-130 -314

5 0
5 -4
-5 5
-34 38
-14 18
84 -82

7 8
4 0
-15 -11
-2 -16
2 -11
3 20

62 -9
419 156
352 101
38 -97
-55 2
-90 -53

-126 -29
-420 -329
297 361
146 311
-113 -14
196 421

-21 -98
21 126
-5 -13
-4 -2
-2 2
1 1

-62 -49
-3 22
-28 93
-38 93
-48 -49
-6 -49

66 28
-43 13
31 -26
18 5
-91 -10
53 59

0 10
-3 6
-1 3
-5 -8
-6 -15
-2 -4

549 728
792 246
687 -455
571 -528
223 -747
96 -192

2 -6
5 -1
5 -14
-7 -8
-12 -12
14 1

391 -887
954 -481
289 -471
812 575
971 -84
318 889

-3 4
-3 0
-5 1
-3 3
-5 -5
-5 -1

8 -6
17 47
0 7
-59 -100
24 -32
-34 -73

513 -352
-63 -760
766 -126
430 -364
-28 -782
-316 -986

-82 -64
75 26
-82 -46
120 -79
928 175
-47 -128

50 -47
60 59
65 48
71 -26
44 -13
1 -16

86 -563
-516 -293
643 -233
841 910
14 397
-534 -365

633 -644
-96 -53
449 -496
-43 14
-69 4
11 2

-277 -679
-30 191
-149 -168
62 94
-21 -72
-87 -25

55 -850
-776 905
-713 -50
610 -498
-785 271
-80 372

-11 -10
10 20
5 11
-16 20
-13 15
-1 -18

864 -117
693 -726
-827 -740
-770 -537
626 30
-124 -936

-22 -9
34 24
10 46
-50 32
34 1
-34 2

-23 -29
151 219
7 14
3 5
3 -1
-4 2

-411 719
-409 675
-450 -595
-370 722
-472 -835
-444 -365

79 10
68 -18
-15 53
-69 -97
-13 -36
38 75

-3 -13
6 -7
-13 -1
11 -13
-2 -3
-11 -9

3 -3
15 -29
-13 41
9 -16
29 -50
17 -24

11 -39
-77 -45
41 15
-4 61
-2 -37
-51 78

-167 -476
-28 -43
-270 -797
-8 -25
-12 -17
-16 -4

59 62
122 264
-169 311
-232 109
-460 358
-93 228

-158 -182
839 58
-990 -988
-606 -616
7 -748
-387 322

5 1
2 -2
-5 -3
-133 -157
-33 -38
-11 -12

-12 91
-54 85
76 -39
-64 -59
-10 20
74 32

4 99
75 38
44 -75
-98 47
-47 73
95 -49

140 222
-29 -36
-41 -56
-15 11
-7 21
27 28

529 -441
-357 753
-608 646
-726 -976
-918 -272
-416 -58

67 -381
606 -878
-677 23
75 61
-43 496
323 435

35 43
96 60
-87 30
-87 37
96 46
96 53

-25 -4
47 12
19 6
-1 -2
1 3
5 5

-22 -30
-93 81
-89 60
33 -57
-18 -51
-73 -24

335 -40
-722 415
-643 324
-455 870
-910 -131
-487 932

-37 -23
-20 19
-46 -24
-2 21
47 -47
17 2

624 41
-20 316
360 509
175 -463
-896 -731
-362 -811

-559 -539
-989 -824
-135 106
152 -363
422 -273
-465 11

646 244
537 204
-30 4
23 29
17 -9
-3 11

-98 92
-96 65
-42 98
-97 -112
-92 11
-145 -988

16 16
-41 -68
-50 -19
34 -82
64 -33
43 51

70 -51
-679 498
-16 12
-2 3
3 1
2 -4

322 825
272 695
10 14
4 1
-3 -3
-4 -5

203 347
-561 -952
91 175
-153 -302
-53 -109
-213 -277

773 167
-827 -650
-544 -610
675 744
-930 -174
747 681

-48 -3
-67 40
-96 57
-41 -38
155 298
254 463

-10 -19
-16 -15
2 -10
14 16
11 18
11 -16

179 -362
155 -148
-154 104
261 791
-829 -741
-190 102

293 -66
-469 114
-16 7
-4 3
-5 1
-1 3

-454 -801
-15 -5
230 439
-1 7
11 -15
-15 24

2 -5
4 -4
-1 -3
1 -2
-2 0
-4 -1

-2 -2
2 -2
-2 4
73 -203
1 -11
0 -8

2 -5
-1 3
-2 -4
-9 10
-51 -265
-68 -377

203 123
-196 -57
82 71
-29 83
-9 56
7 86

-20 -29
18 10
10 2
393 -646
-19 -34
323 -542

-27 -25
40 -13
16 -41
-34 33
9 17
28 -27

-2 0
-1 -1
1 -4
-1 -4
-2 -1
-1 -3

-180 -403
234 -277
-416 259
-400 264
-958 417
346 -485

-37 -31
-22 -16
6 44
-20 -17
2 -16
28 7

-498 -41
-536 525
13 183
-933 966
312 -42
691 -588

2 3
4 1
-4 3
-2 4
-2 1
2 0

15 -20
-7 18
23 -4
5 22
60 225
63 248

14 49
-24 19
-39 -3
-15 -45
-20 12
-28 26

-49 44
-19 -14
-99 88
-44 8
-55 24
-74 -92

-182 944
495 331
252 598
933 154
485 306
712 158

-12 20
-15 -13
-13 -18
-3 11
10 -8
4 7

14 -1
9 8
4 -17
8 -2
-1 -6
10 -20

307 -4
-183 -257
233 -36
304 -32
-155 -446
63 -256

14 -7
0 8
-6 2
19 -2
13 -8
8 16

248 -360
-405 228
-911 -922
-130 853
754 790
-636 -297

-6 -8
-8 -25
-16 11
-164 664
-4 -18
-220 904

-6 24
1 16
-50 -29
-2 -15
19 -39
8 8

35 18
-36 -7
-1 24
-43 14
42 -20
-49 32

-48 -43
-14 -37
-7 4
49 -6
44 13
-19 -18

-405 -265
290 580
237 -509
883 326
77 -26
-698 519

-310 397
-948 751
-826 154
-655 -529
83 473
353 382

-319 -758
-310 -737
2 -4
2 18
-7 -12
-10 -27

-12 77
-69 -31
-82 28
14 -41
27 -100
-95 87

1 0
3 2
3 -2
2 3
-4 5
0 5

794 -135
-55 61
-903 565
796 481
-54 369
-480 5

194 454
-677 -788
-300 -251
-859 -890
454 784
-664 -641

147 40
-793 -340
30 -8
-98 -56
-78 -41
-22 -32

-321 235
75 111
-110 109
352 -138
-543 329
238 -52

-26 -24
28 26
-24 -47
30 3
26 49
3 -22

906 -878
641 -498
137 102
784 -836
469 -461
465 -353

75 -283
321 -470
-181 423
-275 -90
-199 -440
127 -286

655 246
731 522
463 895
809 -541
-835 220
-491 123

19 -29
-45 53
-719 938
-14 24
-2 -8
27 29

9 10
-6 -14
-3 -8
-9 -11
-11 -13
5 -6

69 -190
-370 -347
-92 -237
165 -148
376 -120
391 -96

-7 10
6 -16
6 -14
9 2
15 -14
7 3

12 19
33 -46
7 5
-8 -37
43 -18
48 -4

-490 -158
-205 412
-282 251
-671 -58
-272 341
-522 86

16 -48
-25 20
-12 -40
-26 -36
3 12
2 -44

-15 9
7 6
-5 4
-4 -8
-11 -14
6 12

2 15
-12 -7
-6 -5
-11 2
-4 13
1 6

12 -15
2 -16
20 -4
3 -4
-4 -3
-8 -17

34 13
17 -23
15 -27
7 -43
28 1
9 -39

-26 19
-504 -682
-345 -448
5 -12
-8 -8
-30 29

59 -9
-30 64
-78 29
11 -44
-37 -79
18 99

3 5
-3 -4
2 3
0 1
-5 -5
-2 -2

-863 496
186 98
-400 138
744 -448
233 -558
-75 -250

-6 11
23 11
12 -18
-6 -19
23 -18
-35 9

-381 -208
-240 59
-375 -134
-226 -26
-177 54
-145 -74

10 85
-54 67
-39 75
-71 66
-7 84
-22 76

-30 14
16 21
17 19
-911 -195
820 214
-14 17

50 161
-869 878
314 -118
-693 692
-429 413
402 -211

-8 -5
774 571
-976 -718
4 4
3 0
3 -2

722 -639
135 -156
-886 683
75 -96
83 -42
88 73

1 5
4 1
5 3
-16 -7
223 172
-295 -216

9 11
-8 10
11 10
15 8
13 9
-6 9

-237 -214
-142 14
-216 91
194 138
793 647
-321 -340

-59 -81
-12 28
-3 70
37 36
45 -37
28 -6

-8 79
27 89
232 149
22 65
37 93
-48 -69

70 -41
13 45
7 13
-107 133
67 -13
-377 373

-631 -355
-349 905
-349 946
-558 34
-452 416
-644 -385

-185 -28
998 249
972 241
-83 -10
-81 4
90 70

-19 171
-672 44
334 301
-266 307
-264 396
-735 -534

778 757
220 -674
478 153
-95 -224
358 68
916 224

-181 -234
-66 -188
-602 -568
831 502
412 -58
449 -54

-92 45
-15 55
46 15
-469 -730
-172 110
-187 80

-38 155
64 -206
9 -10
14 22
16 11
1 25

866 -810
365 397
-212 992
-307 227
232 -674
847 -963

-12 6
8 -3
6 0
-6 -3
0 9
-4 -6

-19 18
-692 545
-812 639
-3 -1
-1 5
2 3

503 715
293 263
417 563
216 362
403 417
-52 246

-61 48
-67 28
-45 -32
-81 48
82 88
62 88

-680 -731
150 89
-498 -806
316 253
-664 -970
-514 -567

430 -432
13 -17
862 -862
0 4
-5 3
-5 -3

-444 -58
-466 -48
-915 -875
-258 373
-696 -459
-937 -865

-784 320
915 249
-822 282
489 -177
693 -201
988 94

81 -333
181 -759
-12 9
-55 -96
80 -83
89 -42

-5 -16
2 338
-7 -74
9 -22
16 -11
14 29

3 -4
-4 3
2 5
129 274
7 20
-24 -45

2 6
2 11
12 -13
7 4
7 -6
12 -12

149 -449
-149 -5
-309 7
382 166
62 190
-447 439

1 12
37 61
-17 12
-7 -86
9 12
0 12

-720 -349
993 808
-686 -298
-68 -710
-719 608
-18 -885

5 3
16 8
-9 -14
1 4
-14 -18
-20 -19

4 -4
-2 -2
-1 5
-5 -1
1 -3
5 3

1 0
2 1
-2 5
-5 2
5 0
-4 1

-30 25
-12 -40
-18 -35
45 -25
25 -25
-21 -40

-781 -792
-19 -35
931 906
11 -48
89 -19
-59 -47

19 5
-79 89
-8 5
-347 647
385 -973
-19 -82

-354 724
143 751
-248 154
503 -285
671 -765
36 -654

-424 -656
-15 -20
-370 -572
0 -4
-1 0
1 4

-703 326
584 -111
-15 92
68 -61
14 96
54 -11

-5 -4
-17 8
7 -7
0 -5
2 18
6 10

66 125
135 -104
248 -527
85 -34
32 -26
-18 44

2 2
-4 1
-5 2
-4 4
-2 1
-3 -1

391 -526
-197 247
-10 1
-2 5
5 -4
-5 -5

-299 148
-464 207
-107 188
460 26
424 392
376 382

-20 -10
-6 0
3 -5
-14 -5
14 12
2 -1

5 3
2 1
-1 4
-62 -40
-18 -9
17 16

-142 273
-423 -102
290 201
-569 -618
-915 -522
-617 -78

557 -466
-584 -580
956 -700
514 836
18 -652
707 785

423 -279
-422 -56
43 79
707 -230
315 827
837 -25

365 -59
413 -851
-224 -939
399 -620
-909 -235
-885 -631

-149 -54
35 25
-2 21
-27 86
-17 15
10 42

5 -3
15 12
12 10
13 -6
12 -15
11 1

-318 560
-366 596
476 -578
-384 368
354 -490
260 -416

-24 39
-19 29
7 -20
1 -1
-2 -4
-2 1

35 6
48 -13
41 8
21 34
28 27
7 28

51 2
-20 -10
-7 -55
-78 -67
-63 -33
66 36

1 5
-5 -4
0 2
-3 2
-5 5
2 -1

-3 -18
13 -18
-12 -16
-12 -19
20 -11
-12 -18

-113 225
75 47
44 -156
-238 111
-457 86
-488 -117

-414 272
-231 151
20 -15
-3 0
4 -3
4 -4

855 904
-60 573
-629 492
286 823
63 992
163 404

628 -423
615 -432
134 -176
280 -63
-453 102
318 -82

431 297
248 -196
73 -11
-79 585
16 652
21 -609

-1 0
-3 1
3 2
-11 -13
66 115
273 459

-319 -560
4 481
-279 -520
311 70
271 30
184 661

1 -45
-16 -19
-46 -16
8 11
38 8
-49 41

6 -2
5 2
-2 3
14 -5
13 -3
-5 6

-802 -305
-961 311
-775 -509
109 31
667 205
-434 -110

-3 3
3 3
-5 0
456 -326
-183 130
-12 8

5 -10
-11 -4
6 -6
10 -15
-7 12
0 5

0 3
-2 2
5 -1
-4 1
1 -3
-1 -4

8 4
2 3
6 10
1 6
13 8
14 5

26 -6
15 54
-9 32
2 -28
39 76
-22 -50

-18 46
11 -38
19 -44
30 10
23 -47
22 16

969 -176
-152 129
-350 183
-14 87
62 -25
-18 91

48 -66
-18 -5
982 -915
-77 88
49 -72
-12 -2

242 114
157 289
208 -120
-711 -567
229 -443
104 -432

11 -7
-14 -10
8 -12
1 -14
15 -10
0 -6

377 -374
622 750
464 -249
796 1000
290 -499
709 875

-227 32
-4 6
-19 8
-1 5
-3 -5
4 2

12 -8
-4 6
27 8
-402 172
-835 340
8 14

92 -567
-657 706
-812 916
-502 496
-63 -357
221 -1000

-3 -3
-5 0
3 5
-580 -91
-170 -22
-16 4

-99 71
22 -59
66 -73
44 -66
-55 57
88 -80

5 -3
-1 -3
-2 0
150 -85
-16 7
148 -84

-7 -20
57 100
-75 -147
1 -5
-3 -5
5 3

31 -36
-2 22
-5 34
-14 107
219 -603
-246 813

57 45
55 -19
44 -54
-6 -69
18 65
5 -34

487 -547
9 44
761 -887
-10 -3
-8 21
14 -8

344 830
-218 -537
0 -5
30 -26
-8 -6
-17 -27

-284 178
324 -219
417 24
-408 -146
-387 306
15 165

47 889
28 -740
36 7
2 25
26 22
15 -25

2 -8
10 4
17 1
15 -17
-12 -11
6 -11

937 -134
-941 250
-120 -280
177 464
-356 -956
734 672

-10 2
-6 12
3 14
-8 7
-1 4
10 11

409 914
454 851
-985 864
-319 -276
-439 600
-277 168

6 15
-12 -10
20 6
-14 -19
6 7
-6 17

33 85
85 -31
72 -56
145 -115
629 -933
-117 322

-10 5
0 -17
-3 14
-11 -5
13 -9
-6 -16

-4 -2
-13 -14
-8 -4
1 -7
-7 -1
-12 -1

49 -31
-30 29
-58 17
-417 -979
-19 95
-419 -991

-31 0
36 37
13 -28
-14 29
-48 -29
47 30

-2 -6
-10 -6
-11 9
15 -6
-6 9
2 9

-5 63
49 56
190 38
39 56
57 77
4 16

946 73
-366 181
-978 232
-78 217
-307 267
378 121

20 -9
-21 -33
24 3
3 17
23 5
0 -1

219 -15
437 86
-111 -270
-322 -507
-49 -283
-709 -743

-128 240
732 514
-70 269
-46 356
-43 170
-92 192

-30 80
-77 77
38 27
46 99
97 173
410 680

-354 -120
-288 -94
-7 13
10 -2
2 4
8 30

3 -4
-4 2
-5 -1
75 173
-12 -16
13 38

862 574
-209 -509
261 743
-697 551
-340 912
392 -678

306 -51
-219 309
-366 148
-16 -356
947 -912
608 -859

-88 2
20 48
-75 -5
42 -68
7 55
55 -75

-389 -261
60 -43
-219 -215
169 83
121 -123
302 312

-1 88
-65 -84
-63 -5
-109 -57
-173 -119
231 346

402 -125
103 -190
383 -287
-89 84
-174 697
92 -666

2 49
45 42
21 34
-44 -9
-22 41
-45 12

-42 14
-17 10
36 19
24 46
7 32
20 17

311 140
-140 175
-427 -82
403 48
-564 23
374 -83

20 46
-89 25
-89 1
-344 -766
-44 53
-80 -54

-64 683
-741 921
-876 961
-431 -286
228 99
232 109

-5 1
2 5
-3 2
-4 1
0 4
1 5

-28 2
-20 -17
-35 -25
-21 29
26 -39
18 -20

49 -47
97 25
45 72
45 -38
-15 86
60 31

-144 26
-324 -139
-115 54
-78 78
-65 69
50 9

48 49
44 -23
16 33
-38 -11
33 -21
-49 -41

2 4
4 -5
4 -4
3 1
2 -4
3 -1

219 44
84 91
30 18
-402 -804
-312 -365
-339 -359

-15 3
-12 14
-13 2
-14 15
0 -2
1 -5

-15 14
5 14
-15 0
-13 14
13 0
-7 0

-17 -9
-18 -3
-14 -1
14 0
8 10
3 14

-494 -210
-897 -288
440 -159
738 -383
300 -132
753 -511

683 -939
-367 201
-134 -145
-55 177
329 -191
170 -293

-319 -244
-255 -252
405 225
527 49
431 241
301 128

7 48
19 -14
18 -7
8 45
9 42
17 -4

-108 -139
-15 -17
-182 -236
-4 -4
-1 -2
-2 -5

79 67
-2 -10
1 -9
1 73
-26 32
-77 -51

94 -755
-626 739
-550 674
-588 552
739 -381
738 -330

47 35
-56 42
33 31
13 1
17 -10
-1 -88

568 14
888 -305
-503 -535
769 -366
-302 -915
-860 -718

-194 -159
-166 -89
-340 -363
29 -4
-57 -16
-17 42

-81 48
-2 -57
-55 24
-28 -33
13 4
-11 -38

8 -3
9 3
-2 -3
8 -8
-4 3
-4 8

7 2
-3 13
9 5
14 6
8 10
-2 8

24 20
18 -26
19 22
-1 -546
40 86
33 -16

773 -630
224 -243
-87 -18
-77 24
-37 -24
44 -42

565 739
710 781
374 781
705 551
786 501
660 753

-431 73
-461 63
156 -164
-806 -502
-146 -183
-766 -463

-37 -33
-3 -50
-23 -24
15 49
-45 -9
-47 -20

0 0
1 1
-1 2
-2 1
3 0
-5 1

-1 -4
0 0
-3 4
-4 2
1 -4
2 -2

-1 1
-1 -2
-2 -1
-6 14
85 -264
31 -99

428 -291
173 -106
197 -178
247 692
280 605
21 866

10 12
-41 -16
100 62
184 124
-56 -31
574 376

-39 -25
-14 10
19 49
7 -17
-19 39
-25 45

-270 182
320 202
-74 -101
-289 471
103 -95
202 198

2 0
3 -5
-2 3
76 103
234 334
13 11

-774 347
-456 -459
-472 542
-988 520
-500 -643
-758 -654

-3 -14
-29 -164
-7 -37
2 1
4 -1
0 4

-20 2
-25 1
-25 16
-315 321
255 -288
-50 38

-130 -270
-96 -80
-124 164
-215 298
-232 278
-430 846

4 14
-13 -30
1 5
37 3
-126 14
276 -13

-153 36
-108 10
705 -419
-5 -61
-28 -43
-80 -82

-403 -192
-331 -216
-301 -256
-342 -459
-446 -51
-352 -399

27 49
28 6
46 46
-20 35
-48 18
-38 -5

-264 -496
160 458
-90 -106
-93 -78
-78 -54
-44 -42

681 846
-573 -845
849 930
-272 930
-549 -890
-383 846

-132 555
-550 969
33 691
618 656
311 334
31 448

-7 8
-7 6
15 -28
22 -34
-35 84
-252 534

-4 0
-2 0
1 5
2 -2
-3 3
0 2

-2 24
-7 25
7 5
-5 79
-4 806
-5 -7

-13 25
19 -44
70 -30
-32 -58
38 39
89 53

-23 6
-53 3
-62 92
-20 67
43 -56
18 -50

568 -586
631 -225
-206 128
601 -826
-659 965
417 -307

-16 -8
37 -83
-58 37
-5 -38
-72 52
-97 97

-7 1
-6 9
-5 -9
-12 0
-3 7
11 15

0 29
24 -27
20 -9
973 820
564 467
-24 -41

-16 -20
4 -18
-9 -10
18 2
-5 9
-2 0

-4 7
-1 5
-3 6
11 -10
18 -18
3 -1

0 -15
-14 8
3 -12
11 -4
-11 11
14 -1

490 -315
417 21
358 329
421 51
433 -391
423 199

-46 7
-21 41
-44 -10
-11 -44
-13 -27
-50 41

124 724
99 684
51 492
-58 316
-42 60
-49 352

58 42
-77 -12
-14 -2
-50 33
-38 -23
1 -34

310 55
-148 -604
682 27
578 287
329 684
228 -191

53 67
41 17
13 -31
27 -7
25 19
-1 -55

18 -19
23 37
5 -23
10 33
44 -11
31 -15

-15 -7
5 -10
-8 -14
13 -1
-10 -12
-2 -3

-5 5
25 6
14 2
-7 -2
763 -141
-466 81

-1 1
-3 -5
3 4
-4 1
0 -5
1 -2

-814 -912
-199 -27
-6 239
-32 96
-19 18
-97 -69

2 13
-4 11
6 -4
15 -1
9 -3
-1 12

4 0
0 -4
3 2
17 -4
54 -5
-82 -1

49 33
253 101
-389 -389
-572 -398
302 -144
187 -113

-592 -42
-711 -803
494 905
256 -617
-473 719
375 144

-540 -898
-194 -175
59 309
-22 -89
33 76
-56 90

-337 38
-207 -70
-412 367
-402 92
-144 -69
-278 149

31 -15
16 -60
72 24
253 255
-39 -102
-283 -396

-665 181
335 -961
-991 791
-839 142
-328 -85
509 -922

-41 -260
-163 -227
-285 -184
325 -330
-834 -75
-102 -235

-132 158
1 -13
-10 1
1 5
-4 4
-5 0

-252 -702
762 -990
-331 -679
-160 -706
-208 -712
505 -611

-5 5
-2 -1
-3 2
5 5
-4 2
0 3

26 -62
44 -100
-46 -64
-68 6
-151 30
-889 210

27 29
7 15
18 15
-373 -852
-83 -169
-31 -46

-12 -58
46 -3
4 9
666 -418
-724 248
-165 -22

108 -33
16 -18
276 275
-12 -690
-440 -892
-508 -852

700 -995
-244 -179
-950 339
141 416
-195 240
-269 -58

-583 -768
-572 -909
-596 -480
291 942
-599 -393
64 600

-124 -580
-163 -621
71 -14
519 342
402 732
446 465

-105 56
-307 338
-131 -294
-478 287
-35 248
-22 423

14 -24
13 -22
-269 641
-4 12
-3 15
29 12

-600 -358
521 -664
953 -880
448 -816
-942 -210
712 -852

50 -7
23 14
42 -21
28 -26
31 -50
42 44

-2 41
28 -46
-1 -11
9 -40
17 35
-10 -34

67 43
-52 30
30 9
-25 -3
40 76
-15 64

-2 2
0 -1
-3 -1
2 -7
20 -16
-1 -5

15 0
10 -3
12 3
19 4
-9 0
6 3

38 50
46 14
46 33
-3 -22
-28 24
-40 40

54 -78
88 -75
-14 -49
37 8
54 -85
20 31

77 -9
88 45
96 7
80 83
89 -66
81 -28

-2 4
-3 3
3 -2
18 13
280 264
19 14

1 4
-20 11
1 6
-13 12
1 14
-13 15

23 69
30 27
-6 -42
1 -84
68 84
38 -21

10 8
-1 4
3 15
3 0
-4 7
8 10

-10 -7
-16 -45
47 32
-49 -1
-33 16
27 -41

239 -862
811 404
597 176
-364 137
-13 -322
-352 -279

228 -109
126 114
116 31
-610 401
-139 148
849 -360

-12 5
-12 -15
9 -20
-18 4
12 4
9 18

-338 -465
-373 -494
-66 -151
294 -431
-277 271
30 -101

5 4
1 -5
3 4
-5 -2
-3 -5
1 -2

-293 -108
-314 -91
442 -579
-186 -205
-349 -228
-363 -214

7 7
-11 13
-5 -1
10 -9
-8 15
4 -13

-299 7
-662 59
128 -61
-16 59
-13 30
84 -81

34 890
-395 -244
46 -417
344 -968
487 -590
-550 685

-678 460
-63 80
90 -25
-66 18
93 -26
66 -59

-1 15
-7 8
0 -6
-1 -4
-6 -13
-18 -8

15 35
-32 4
-30 12
-45 -48
-2 -33
-4 -41

11 11
19 17
10 11
1 15
-2 -4
1 17

-73 -90
37 -50
23 -100
-52 -15
52 -67
17 -97

-714 -584
402 -202
6 -744
-415 -176
-385 298
505 -760

-336 -131
41 29
350 157
29 -18
-3 11
29 19

-422 -340
183 -575
-15 -764
81 -286
-169 -661
-330 -259

10 9
6 13
-3 7
-1 -2
5 1
11 -6

585 -615
314 -468
527 -172
-712 -323
-499 -27
-344 712

348 -403
117 76
186 -165
204 -227
-471 590
-711 914

37 -47
20 99
-28 61
-98 -84
60 16
83 79

-93 -7
49 75
-21 35
85 96
-513 -247
-161 -45

201 -117
4 7
-148 101
24 -3
21 3
-19 -27

15 -11
14 -12
-14 5
-13 6
1 -5
-14 10

-147 -474
148 -244
82 314
-372 171
-398 -154
192 306

91 -172
-6 11
233 -440
-4 -1
3 -5
-3 -3

24 20
-10 -10
7 -10
24 5
-10 5
-49 -10

-1 3
-1 5
-5 -1
2 -3
-3 3
-1 -1

295 324
-381 -28
857 605
543 454
157 229
-731 -309

-5 4
1 -4
-2 -2
163 227
-50 -70
11 15

1 3
1 1
-5 4
-1 2
3 2
-3 5

-15 7
13 3
7 1
0 -14
0 2
-5 9

43 2
59 34
-24 -93
-340 220
-4 75
-484 284

-6 80
66 -46
84 -28
-86 77
-44 86
58 23

-938 0
847 -103
184 -66
-20 -36
-71 32
55 -92

3 -30
-9 9
28 -30
8 35
49 -17
37 22

-31 12
-13 1
-337 121
-14 -15
-13 27
20 9

-32 -3
-1 40
0 -7
31 36
-48 -1
-16 -5

-809 -427
538 208
319 -255
862 231
640 861
41 378

-270 -415
-115 50
-268 -379
-112 829
-87 -171
-95 335

183 -22
302 -37
-152 -10
85 47
-34 31
-58 58

-812 -249
-689 -672
-189 -270
-855 -577
229 414
-269 -282

-18 -8
-69 10
83 -32
68 -41
-70 21
-64 14

-2 -1
5 3
1 1
-323 312
-497 476
-10 17

35 -22
-57 -41
61 36
-29 -82
7 19
-83 -99

60 -72
-98 70
-27 -6
-66 90
-11 4
28 -92

68 47
-26 38
66 31
64 15
-22 70
-24 54

-287 82
-113 -258
-749 602
-929 -543
-872 -593
4 -193

446 300
276 -255
218 446
270 -52
-670 218
-844 429

643 -283
323 -69
-82 -102
493 271
-400 172
-365 67

-2 6
6 15
18 2
13 3
10 -7
-7 7

-3 -3
-1 0
0 3
-58 210
-257 941
-6 19

451 726
16 712
-74 145
-5 -163
460 -33
436 488

-651 797
464 -579
-495 618
356 373
-126 236
151 346

-333 929
227 -256
-7 -10
408 150
-720 -453
862 269

641 -88
425 -504
-293 -86
317 -712
139 746
12 -399

82 100
50 -74
87 4
45 22
89 97
43 -71

-636 -116
-306 -308
655 660
477 0
985 468
629 -852

25 26
43 -28
26 -34
-17 -19
-43 2
-35 35

69 -23
66 -42
58 76
34 -76
60 -80
31 -95

-5 -5
3 0
1 -1
-98 -33
-12 -5
34 10

969 -807
596 -187
598 92
836 -677
358 582
225 712

97 -100
57 -50
41 96
13 124
-603 -350
-99 46

-515 -371
-764 -145
94 -477
262 -9
20 443
199 -351

5 -17
11 -24
21 -27
22 -35
-381 316
982 -871

18 17
-3 -12
13 1
-9 7
19 -18
2 4

-17 17
276 -941
223 -768
-2 25
-12 -10
-3 30

11 -13
11 -11
-9 -4
-9 0
11 -15
-9 -2

1 2
2 -4
-2 5
5 -2
0 -2
3 -5

1 3
-9 -7
13 5
-13 9
-8 5
12 9

3 4
2 -3
2 -2
170 -134
-8 13
15 -6

846 -46
-356 -627
513 -343
-523 776
513 645
-498 615

2 2
-16 5
19 -15
-5 -1
16 19
-2 14

-88 -12
92 3
82 16
-48 -64
42 68
-58 -51

-57 -43
-16 49
-27 -8
-28 35
-29 78
-58 0

-6 -14
-3 -15
18 10
-17 2
13 -9
7 -10

387 23
-688 -140
1 -36
-10 6
13 -25
16 -7

-562 382
-106 154
-54 138
-59 16
99 -69
-29 -29

-879 369
-248 182
887 -61
199 220
-73 -315
-25 -4

-150 -39
579 652
-448 -311
-36 82
56 -15
-90 56

5 4
0 -3
-3 3
461 314
146 101
-12 -6

-7 16
160 -185
-136 175
5 0
-10 -19
26 -15

-29 -7
34 -30
-87 39
-5 -30
69 62
49 16

465 -921
-455 -841
-243 -969
607 -769
-214 -977
839 -833

33 -33
11 31
13 27
-2 37
-4 41
40 -27

-95 24
-67 -58
91 39
77 80
81 -25
-71 47

-21 -87
-65 -72
-23 -82
2 -93
-52 -85
-62 -80

-824 -424
287 -413
662 -413
-392 -421
164 -446
329 -446

81 -108
5 -16
18 -31
3 -2
-4 3
-4 -5

85 115
-414 -924
313 514
720 -53
381 -98
-52 -44

6 44
38 -25
46 -12
-7 38
7 -30
-6 -36

-972 613
435 -440
-31 -86
86 31
-1 -68
51 76

-241 -510
-821 806
-81 -857
-261 -641
-411 934
-241 -913

378 -64
254 -234
-287 -225
85 285
68 -489
-39 115

51 507
-199 55
485 706
-140 -424
-390 -876
-699 -849

-21 -9
-23 -29
-25 12
10 970
1 692
-22 -32

-886 -736
662 356
414 180
-859 -718
413 303
-379 -334

-47 21
-28 -24
-30 0
-22 -35
-3 -19
-11 -45

209 -480
-248 156
-491 435
435 -183
267 -324
354 -90

-436 348
308 768
935 612
818 36
-978 382
-808 138

0 0
-4 2
-1 3
-118 -3
-8 7
-18 6

12 933
-16 785
-186 -234
-280 -771
-82 396
-54 544

45 64
421 -46
272 -107
-28 -79
-327 -126
344 111

-76 25
11 91
-37 -83
-76 -58
95 22
-76 12

3 -10
0 17
4 -7
18 6
0 -12
6 -4

451 -549
538 -878
261 -283
248 -250
343 -98
244 158

4 2
-2 2
-4 5
-3 -1
5 5
2 5

-12 14
-16 -26
-14 -21
-23 -114
-9 53
65 940

-23 10
-28 -28
-5 -24
-37 -11
9 -3
18 -20

112 282
346 104
262 340
232 -175
-346 -309
-474 -269

-109 185
-258 163
442 283
-119 170
19 222
279 302

863 -568
58 -246
-526 -366
73 -638
866 -794
759 -414

18 -9
156 -66
260 -109
3 3
-3 0
-3 -1

-20 3
-810 -106
799 116
0 2
-5 5
3 0

55 16
-801 -337
919 -1
172 -218
723 -310
939 -926

-312 -593
386 -58
-532 767
-924 -43
80 217
-6 -868

681 557
15 160
-117 303
478 -528
813 414
639 -516

129 -353
435 -145
-3 -413
466 -62
334 -122
336 -190

-882 -142
-979 -228
169 -344
298 -500
-287 -695
-881 -705

44 82
16 28
-56 13
-32 18
-79 -52
-59 -96

151 631
126 -809
-356 613
-632 782
295 -803
-101 -913

-1 2
3 1
-5 2
-5 1
-1 4
-1 3

-9 5
-17 10
13 -19
11 13
1 9
19 8

-276 -411
-8 -13
-70 -105
5 5
-3 1
0 0

-2 3
3 4
4 1
-3 -2
-2 -5
0 5

-4 -13
10 -1
11 -2
4 -8
-6 -11
2 -6

-98 5
18 -3
60 0
0 69
-99 66
-30 75

159 332
-133 5
-121 11
-4 -19
67 -76
-1 -52

-65 -45
14 -14
7 -29
84 26
25 -32
-10 -50

877 688
580 177
503 -110
45 -491
382 -153
442 -229

-308 -657
123 9
188 641
-609 -59
554 675
-243 -25

420 -76
105 142
323 0
-114 400
-76 183
-26 -29

-87 128
139 -321
-11 -25
-20 20
30 -3
28 7

-14 -26
48 15
12 -13
-22 -20
-4 -1
22 12

29 29
6 5
27 8
-289 141
-8 32
-169 96

-16 6
-14 -1
-10 -19
-19 16
-11 -8
-20 18

-159 -530
31 29
-291 606
609 -557
130 -823
64 -255

472 -248
180 -312
408 36
-745 -867
908 528
233 11

25 98
92 11
-33 -64
32 -25
-93 -100
-100 23

-49 -56
-42 -76
14 -69
-6 12
-62 5
51 40

48 94
2 -60
-26 -17
-27 -10
58 24
-97 36

15 11
5 -16
4 18
134 239
-37 -15
295 476

-3 1
-5 -1
3 0
1 -2
-1 3
-1 -4

-12 1
19 0
12 1
11 3
-13 -12
3 -3

-15 7
-692 148
441 -88
-2 5
5 -5
2 2

46 39
58 53
48 45
12 17
18 12
8 13

211 282
18 86
427 502
-23 54
-51 14
-22 51

-23 -25
-39 -45
-5 50
-40 -13
-10 44
-40 15

27 30
-48 1
39 36
-36 7
-33 10
15 24

44 -32
-35 91
-70 80
-99 123
-138 -176
-113 -117

78 267
-795 717
332 143
200 263
32 -193
-45 -438

439 -246
158 4
-888 985
314 -134
458 -127
307 -36

25 29
4 8
-17 20
-43 36
-144 10
73 59

-42 200
-366 482
-36 252
65 950
-409 134
-413 88

-88 73
23 16
-57 -32
-223 -80
-185 -30
112 621

36 -30
42 -26
15 -15
44 23
-32 -31
45 26

-619 882
581 66
336 578
438 113
90 425
-422 -307

-462 1
-403 -72
-354 -263
-486 -154
-418 -249
-446 -323

-13 -11
-10 -11
-7 17
-11 -15
-15 -7
-16 16

1 3
-25 -27
5 -9
-765 -456
-45 -24
-14 -6

-613 601
-878 -437
-896 -453
-649 569
-860 -421
-631 585

-1 29
-2 19
-15 -8
-28 45
733 -261
193 -44

32 -9
-38 2
20 -43
-26 36
0 5
50 42

-44 18
-48 29
-10 -19
-28 -26
1 -21
23 -25

307 -470
-547 30
-220 45
216 65
-320 310
634 -455

81 56
-79 -46
97 -53
33 85
-95 63
-31 -75

-99 57
95 -63
84 -8
9 -58
-13 52
-95 37

-207 -450
665 62
243 295
107 -829
667 -569
-519 -371

-61 -1
-12 -358
131 431
-160 395
884 -709
-631 979

37 -25
105 -25
561 -23
12 -14
-7 10
19 -30

-107 208
383 188
488 468
-150 226
34 982
-39 -75

-2 -3
-5 -3
-1 -1
3 -2
5 -1
-3 -2

-4 15
-10 15
-4 2
2 15
5 2
11 2

-455 -78
-399 -50
-170 -484
136 145
273 980
96 -323

474 129
321 693
577 -701
273 -481
221 161
322 239

27 61
49 39
58 51
22 45
80 29
62 26

91 -55
65 -81
19 43
-826 -799
106 -43
-319 -383

-10 12
-8 -2
-6 -15
-10 5
-8 -1
-10 6

431 663
569 844
-4 65
-88 -155
-220 -200
-445 -248

58 83
-96 13
-74 -67
80 3
80 -87
-74 23

496 -285
176 331
256 -381
201 -871
396 -181
196 27

939 -28
338 -60
248 -48
491 84
-271 -60
-402 -98

-11 -14
-12 -1
-8 -7
9 2
-2 7
-9 6

-377 430
-40 80
-322 182
-87 97
-126 -117
-369 199

13 795
17 796
17 -666
-97 -717
927 -105
377 -428

67 -2
93 -28
72 -34
747 192
952 235
-9 30

-15 4
19 -16
8 -2
3 8
-7 -4
11 -8

184 29
117 -143
-352 -459
117 559
-285 -599
318 990

-32 25
12 -30
-24 2
0 -41
-8 -44
-28 20

-5 0
-1 -3
2 0
-41 -191
-147 -664
4 10

-45 -13
-319 -348
-238 -450
-108 -34
873 -567
-123 -82

-137 -376
-228 224
-760 572
479 -839
213 -665
-368 796

-9 -1
18 10
-20 -12
-1 -17
-9 10
-17 15

8 9
-1 -4
13 -18
-7 -31
-7 -17
-29 -79

-24 -17
15 16
23 20
4 7
-394 -335
-467 -398

14 -26
16 26
-12 -11
36 13
-795 393
-752 375

0 2
-31 24
23 10
-4 17
-27 9
27 -5

16 32
7 -6
17 -1
-34 7
-24 12
-25 -22

155 36
-636 -369
-554 -315
77 -54
-39 66
-66 12

444 56
-414 150
471 185
309 3
-222 -18
-354 190

-206 349
-57 130
70 -7
89 -52
0 11
44 63

14 -7
27 -28
-9 8
33 -28
-120 144
24 -16

71 480
-99 6
-507 -79
-93 -339
-935 986
-181 12

554 535
316 -5
608 985
76 -273
-222 107
-184 -203

-452 -48
-406 109
-300 -88
351 554
-69 227
379 637

7 2
-6 -1
15 1
2 -2
-9 4
-1 3

-17 28
5 -11
50 -91
-4 3
1 -2
-1 1

-15 2
-13 -3
-8 3
-2 -12
-9 -13
-4 -7

187 -48
-779 406
-698 997
-464 -693
295 -948
-730 197

29 -48
32 -19
-11 -23
-27 -13
-16 11
24 -14

-539 854
-190 -723
-836 719
579 295
105 -413
892 -325

380 540
-655 -244
395 410
-516 -203
-737 784
-898 841

15 33
34 -1
21 35
40 1
9 31
46 3

-4 5
4 5
-3 4
4 -2
4 -1
-4 4

-32 3
18 -76
-47 54
-50 27
67 26
28 38

-309 -702
-765 894
-379 -542
45 -726
-204 -627
-925 -496

-96 28
-98 -75
2 71
0 -32
-58 -100
-38 96

15 16
-19 6
-19 10
-19 7
15 -8
-19 3

-151 410
327 13
77 138
47 265
703 -832
443 -337

-2 -4
-1 -5
-1 3
-51 -139
-27 -75
8 18

639 147
-210 -149
809 227
-874 465
-38 329
-819 435

-272 -279
-302 -329
244 227
274 159
446 131
125 245

-2 5
0 2
2 -2
-2 -1
-5 -3
0 1

5 5
-1 -2
0 -1
-8 -20
-97 -230
-389 -919

-14 33
-11 -45
-6 -17
-32 27
-7 9
36 -3

21 2
17 28
-23 -27
40 36
-21 -40
-44 -48

2 -3
-4 0
0 -4
-11 -2
19 -8
6 -5

-227 -494
-478 58
-101 -494
-214 -475
373 76
789 348

42 22
71 31
-38 6
78 -2
646 -50
-816 74

40 -36
29 -37
43 -45
5 -50
-1 -49
-19 -29

-647 997
265 426
-393 614
727 294
-612 987
46 799

-82 -12
724 534
-468 -362
130 158
-254 -306
201 58

57 42
754 503
-58 45
476 461
-170 -35
-173 48

15 14
1 1
14 2
0 -11
11 -3
4 6

-4 25
57 -23
-19 65
-67 64
-46 51
43 -86

76 -87
-51 55
87 61
69 115
181 156
799 564

-14 -50
18 40
-14 14
-14 9
18 45
18 -19

575 -570
241 218
-17 752
-128 938
566 668
-105 965

-37 23
22 74
31 95
20 -51
44 -87
-35 -1

343 -234
555 -47
398 325
-128 882
29 510
712 -419

23 -25
4 -33
34 3
26 23
11 5
3 25

951 -11
-201 154
-387 127
890 985
-289 88
512 645

782 -784
99 -558
510 -552
324 -468
-11 -954
720 396

923 717
767 432
623 256
549 197
409 -37
333 -67

-301 108
-392 328
464 -288
805 -266
193 -90
256 108

934 -194
718 -59
10 606
193 461
528 966
121 209

-502 -266
-942 -506
433 316
-410 64
-180 -431
-704 559

-19 10
5 -16
-10 -6
-20 -7
-19 8
-10 -7

5 -4
0 0
-2 -4
-45 54
109 -170
6 -20

-26 19
9 -14
-5 32
-47 6
-12 -27
-33 -40

-513 558
393 -388
-610 735
-9 194
142 419
61 -156

-5 -10
8 -15
-16 -5
12 -15
-15 -7
-7 -9

475 -29
205 -419
263 285
94 351
-228 196
198 -119

-109 -16
-800 787
10 -153
-94 3
-53 9
-96 -19

-173 149
-480 -546
-54 574
-56 519
-148 706
-94 77

609 857
469 277
-227 451
-213 471
-11 -119
-579 -579

-807 657
768 -297
149 76
73 -31
2 100
47 -26

-8 15
-9 17
16 -13
-3 16
-5 10
-6 -3

7 -14
12 16
10 14
-13 -9
-7 -8
1 -15

-361 198
-253 -840
-360 192
-679 -327
-574 -468
-254 -894

-5 3
4 5
-5 -2
-399 361
11 -14
762 -701

-59 -90
43 15
53 47
178 -444
84 -122
31 36

16 30
-6 -29
-20 -2
-689 -555
-268 -233
10 -17

-898 -33
175 -334
966 -539
389 -288
338 -381
-28 -693

-332 -142
46 437
-175 280
-237 -178
-16 -21
-80 244

4 35
-27 73
-76 -3
94 -98
35 -3
44 54

117 276
401 14
-195 346
-345 364
139 78
-39 311

-747 758
8 -10
-514 521
1 -4
0 -2
3 1

888 -58
816 -666
806 -748
802 -876
834 -39
850 374

29 8
-10 -24
17 -12
37 53
-590 218
28 56

1 2
-4 -2
-5 -3
250 -20
-642 43
-19 -1

648 -637
-492 182
-42 -145
-362 310
-872 784
413 -402

-400 51
-70 -143
126 151
-169 79
-18 611
212 527

107 257
7 17
-12 -29
3 3
3 -5
-2 2

-121 430
503 637
369 800
615 -227
481 -363
545 668

372 318
122 10
314 -156
55 330
218 -73
276 401

33 -40
40 13
41 17
31 32
14 24
-19 7

968 322
17 -724
491 -656
401 -332
95 488
-283 92

115 -273
-40 196
170 322
-386 -707
-444 -595
95 399

-34 40
-37 31
89 13
17 -20
-467 684
-48 77

3 -16
72 -176
309 -726
-3 4
-1 -5
1 1

-227 -21
-952 -22
-589 -52
-90 46
-428 -45
-81 -17

155 209
-348 -683
41 7
18 -28
15 -23
29 -19

-8 14
-14 2
-17 10
-11 -13
18 -11
2 -15

4 -4
3 1
4 -1
4 -2
3 4
4 -5

10 -34
-1 16
36 -152
-2 5
2 3
-3 5

-167 -756
-62 -212
29 140
127 460
56 256
169 404

12 -10
4 8
2 -4
18 -17
4 -16
-18 -5

-4 -3
-2 5
-5 -4
-4 5
-3 -2
-3 4

430 -715
-126 -574
-905 948
334 823
303 -872
763 525

5 16
-10 -2
5 12
-9 18
-8 9
0 -3

-2 11
-38 52
186 -190
-18 23
12 22
-10 7

118 -226
-638 269
-942 693
908 821
-537 -337
-25 191

47 -29
34 33
-22 -23
-271 -628
-127 264
-169 33

-39 9
-1 -16
-2 9
-20 9
36 -16
17 9

-88 19
27 -62
-97 64
-86 9
-47 61
10 23

49 377
549 -27
853 -277
633 -41
681 -149
711 -171

30 8
2 -12
11 14
4 9
16 -2
32 29

-5 -4
2 -3
4 -3
17 8
489 350
-524 -384

33 269
-637 -233
-576 -739
187 57
-611 417
89 -362

38 -9
49 85
51 57
-576 214
12 122
160 98

-431 229
-433 -23
-103 -199
-192 -244
-238 238
-30 -126

132 -776
48 -115
145 -880
40 -18
29 26
45 -25

6 -19
13 -5
-29 -25
-1 10
35 168
3 40

-6 -21
19 3
22 -39
27 27
-38 -15
-2 -9

638 -632
-600 -915
388 -706
234 -84
105 496
162 78

327 806
200 -208
-230 -684
-59 -58
-362 480
371 418

874 -451
68 -239
56 -355
-217 436
-156 -191
-54 335

801 -436
375 -981
-245 494
-36 589
514 839
925 -731

416 -932
-251 600
-58 164
3 64
7 40
-246 342

-33 -3
10 -18
-6 14
2 -2
-17 -35
-14 30

158 72
-665 247
336 2
-491 282
-625 72
-349 702

-32 356
-340 -263
-229 -105
-254 40
86 -455
-83 -150

412 -120
229 -99
25 -79
4 96
-11 -51
-8 20

318 -315
-82 -169
83 269
-138 269
102 -388
352 -242

-380 904
354 652
339 722
198 751
-119 -76
-1 382

-17 -72
-88 -59
12 -99
-89 -30
-3 -93
-55 -37

28 -16
-48 -47
-30 11
4 35
-45 -49
37 13

-125 -174
65 -36
49 280
-141 142
69 -115
473 -313

69 -9
49 0
39 -2
621 -285
-133 75
-185 100

-31 68
-893 -61
515 135
89 78
37 -27
-59 23

23 -71
-142 105
-62 30
-5 -31
-38 -53
68 -34

-4 -1
-2 -1
1 4
-17 8
-210 57
125 -28

-54 119
323 -782
-63 130
-18 75
33 -62
-19 0

-781 877
629 243
-496 758
173 -289
689 227
-82 -569

-74 58
-358 306
81 -76
51 -48
-73 -24
36 -42

-276 184
-442 -356
-489 -252
-702 -688
371 -794
996 -816

-123 185
774 -672
783 -609
-998 39
-341 123
-77 59

10 2
12 -11
-12 -7
-14 6
14 -5
-6 -8

489 37
389 -375
-347 557
-151 -948
933 -226
-77 -533

-726 -332
-842 -325
553 -361
-376 -321
-88 -330
-453 -338

113 -457
563 -607
-44 -458
129 106
294 376
-186 -264

3 2
3 5
1 4
0 2
5 3
4 4

179 -82
878 75
-949 -418
-297 -275
831 61
38 -124

-23 -24
-47 -7
40 20
1 -41
16 37
-13 28

-268 106
-193 -124
410 207
68 463
117 -414
293 -227

-2 2
-4 -4
4 4
1 -3
5 1
-5 -1

-321 509
199 368
119 443
-916 -718
-391 529
-601 83

-25 -21
-13 -39
49 -71
-235 43
125 -179
-29 -82

638 605
282 -480
356 -290
920 655
465 518
645 600

-456 146
-588 -302
-488 -843
539 -879
-523 799
-191 165

-15 63
-964 -2
40 70
33 -98
85 6
66 27

-92 -7
53 73
51 56
35 -80
-94 -24
37 -63

-22 1
-19 -26
-5 -20
-30 740
-8 36
-8 18

-16 -45
-20 -40
46 14
-40 -15
42 19
-36 -20

-11 -13
7 9
-18 -19
14 15
10 5
13 1

-54 -12
17 -17
33 -73
-238 98
-149 67
44 -44

5 -5
-5 0
5 0
-9 8
-59 33
3 1

889 268
610 142
189 -405
27 -401
144 418
205 -6

0 64
360 450
378 438
27 46
9 58
306 486

-38 17
10 -30
-7 -32
-41 -36
-46 -5
-21 19

428 -423
696 15
541 -403
60 293
-74 74
-300 34

105 -133
33 -34
157 -243
-48 -74
60 -86
-45 -100

-8 -10
42 210
-15 -41
-4 4
5 5
-5 5

-18 9
-6 42
2 -4
-14 20
22 17
-42 45

-483 669
405 -407
53 472
-23 365
387 -250
-441 12

-1 5
4 3
4 2
-3 3
4 4
-1 4

987 410
872 44
-226 -896
438 -60
540 -374
-736 674

-11 6
12 -6
-8 12
13 6
-14 0
15 0

-202 26
-360 251
428 -394
374 1
310 283
27 352

-11 -8
10 -5
10 -15
51 54
-306 -429
-13 -32

95 36
-40 -6
-89 -8
883 -462
-711 590
18 110

-9 9
-3 5
-13 -3
-4 2
-4 13
-12 -11

-7 -360
887 331
-582 -544
56 470
312 147
249 -683

286 -2
420 198
123 -165
587 427
477 163
780 988

-32 84
-22 68
-46 -63
182 219
110 134
-48 -29

813 288
106 -716
406 -452
-704 790
424 730
-750 894

13 12
-37 -31
-35 -30
24 4
-47 -36
32 8

2 12
14 -16
-9 3
19 17
-18 -12
4 -6

-19 18
-561 566
-18 17
4 -5
-1 -3
1 -5

474 -621
496 -687
339 459
575 -717
458 48
482 18

6 -41
-60 -93
-10 -67
136 160
-246 -773
72 6

41 79
74 -27
91 -29
6 -19
10 -45
70 -1

-40 -7
-715 -938
-62 -37
-17 -19
-25 -5
-25 24

-49 -474
747 -248
-192 202
206 315
-420 615
577 -774

10 16
-80 -50
359 285
21 11
-15 -9
-18 22

-14 -5
-3 6
-8 -2
-2 4
6 -1
-7 3

771 -151
877 -233
893 -421
804 -13
607 523
487 755

-4 -6
8 -10
4 6
-10 7
-14 1
10 -7

-19 20
-6 -13
-15 6
-2 -13
-3 10
0 -9

-537 81
452 633
558 625
238 77
-48 137
8 -107

20 16
11 18
8 6
17 4
-20 -11
-5 -8

-42 41
-15 -13
-7 -1
30 23
18 26
6 -34

-703 377
-324 393
-315 -23
-196 -247
126 -681
63 -106

13 -36
-44 76
26 24
-57 16
0 -96
-70 -44

11 -15
20 -38
50 -45
23 24
32 1
44 40

5 -5
-2 -4
5 1
-2 2
-1 -5
4 2

-1 -3
5 -5
-2 0
-240 -231
-4 -7
17 13

150 -82
167 -14
230 361
-78 31
45 -10
78 -4

99 -38
88 39
84 -46
-377 396
36 56
-824 767

-2 -5
8 10
-3 4
0 7
-5 -8
-13 -11

67 -194
452 186
403 -242
108 400
728 136
718 376

5 -1
3 5
-2 -2
335 223
540 359
-9 -5

132 -748
-638 -723
462 -755
-925 -674
-583 -714
429 -824

40 81
-67 85
36 44
-95 -89
-107 -110
-392 -940

-3 -1
-1 -1
-5 -5
-65 47
-59 42
3 -11

-19 -30
7 6
8 -32
47 22
-16 48
-36 40

-89 -9
84 8
-56 -20
97 -7
-69 -5
-82 10

561 -79
769 91
997 -841
437 938
447 387
893 -926

-160 17
-331 -497
83 -221
-304 401
101 191
-649 171

-43 -94
-98 -486
74 746
-5 -80
-29 -38
-5 -66

-72 -28
-6 -56
-50 -90
-61 99
-61 -59
-39 37

-558 -539
-546 -507
315 744
327 776
-15 909
135 814

701 -370
120 225
-668 438
-211 -624
245 -497
-336 98

-291 -291
171 -16
65 -69
51 90
-849 991
-113 249

522 162
786 151
-678 42
21 179
360 280
-420 180

-16 -5
-5 18
-1 -2
0 18
-12 18
-7 -8

-32 4
-41 -19
11 -32
-80 -85
24 -10
-67 -63

18 8
22 25
-22 -2
90 37
-6 18
-38 5

-364 -608
119 -377
223 -14
-377 -699
140 -355
393 106

8 -12
-3 -13
1 -15
13 -8
-1 -14
11 -7

53 -11
99 56
86 -22
-683 -510
61 1
672 417

207 115
663 754
-22 849
-174 636
511 541
-630 -3

-5 12
-28 9
-14 25
4 43
-42 -43
126 264

-544 -76
-916 273
860 -889
920 -189
740 -279
-444 171

878 -202
227 480
-236 112
784 323
-142 -413
415 -570

-81 -68
-84 94
-7 -8
665 820
-238 -386
127 88

31 49
24 70
-14 15
-78 90
-51 61
41 6

-8 13
-3 -2
-30 -15
-404 -353
-246 -218
8 2

0 85
-34 -99
8 61
-16 23
46 79
78 71

-77 -482
-33 -25
-46 -176
-16 5
-15 -16
17 15

97 142
-736 -446
148 170
-62 -22
22 -92
-90 -78

32 46
46 49
-47 83
-29 77
-66 38
-40 45

15 -1
5 15
0 1
-2 13
10 -15
11 1

-24 -21
24 -14
46 -13
12 -29
2 -15
-7 -13

-14 -14
11 -12
-2 -14
-7 9
-9 -9
-10 -6

-40 -14
-35 5
27 -39
18 20
-18 23
44 -21

22 -369
42 976
28 36
28 -9
8 -4
14 -4

-120 -89
-528 -181
674 582
176 -412
228 277
-64 268

-257 846
-905 -306
-940 -376
414 814
-775 -271
-732 -236

573 383
955 -83
770 286
582 587
182 645
576 451

-7 -13
4 16
11 15
9 0
14 -16
0 -14

-268 -591
850 735
739 718
871 -541
599 398
667 -308

15 -10
-10 10
-6 14
-3 2
12 2
-14 14

127 -12
101 498
-69 -267
-950 471
-970 381
221 411

-25 -15
75 -58
-54 25
-38 -92
33 -95
-67 -52

16 -26
-44 -16
-36 -20
-40 -16
24 28
16 25

56 -83
12 -53
98 8
-85 -36
-34 -43
-47 62

-240 -653
-634 -503
-365 422
52 479
257 234
-597 -720

-812 213
191 -702
-506 -6
-251 -871
834 -227
277 -502

4 -3
5 -3
1 4
0 4
-5 -3
-4 -3

35 13
-28 9
-43 -4
17 48
-30 41
-29 25

-11 -13
-33 -31
13 8
-3 -4
-1 5
1 -1

14 8
-9 -33
48 -9
49 -13
-44 2
-39 -18

-912 777
-552 212
647 -618
215 60
622 473
-959 -201

-6 13
11 -11
15 5
-31 5
-48 29
-10 -3

-374 -988
-5 -806
-38 -784
-911 12
220 -314
253 -336

-25 6
-9 30
-5 0
-59 -51
-3 27
-75 -63

261 -736
917 -728
-819 344
-598 -301
620 -256
112 314

-33 -24
-42 -17
-21 -36
-18 -39
-6 -49
-18 -37

63 14
-21 -97
-49 -65
14 24
-98 37
-14 79

-76 -40
-74 -52
80 -93
-86 20
78 -81
-88 32

3 9
-14 7
4 -9
-14 6
11 2
-12 18

-2 5
0 5
-5 0
-4 5
2 0
4 0

187 -166
18 17
34 -1
15 -6
-4 13
26 -11

-16 -7
-11 -19
5 -3
18 -7
-10 -15
-9 -5

87 -14
16 -3
634 -99
5 3
0 1
-1 -3

-2 5
4 4
2 1
2 20
-23 455
-16 334

-2 9
-353 507
84 -113
1 -1
3 0
3 3

0 2
-11 15
-17 19
194 727
-93 -234
-41 -60

-18 -80
-39 -430
129 -352
829 888
-907 -554
-74 105

815 775
709 505
824 909
501 118
739 391
919 548

100 403
10 94
-18 -183
-145 14
-173 -263
-55 323

-3 -2
3 1
5 -2
-1 4
-5 1
-1 -2

-437 485
-72 420
-822 606
18 418
358 289
178 301

162 265
153 -200
217 -449
229 171
302 387
-54 -228

-32 -7
4 24
-92 -8
-50 14
-149 -587
-56 -4

-12 24
-95 62
45 -12
-62 70
26 0
-5 34

-855 415
669 229
-104 -143
-347 353
647 -701
-82 787

-24 -18
13 -26
23 -27
-70 210
215 -397
39 -22

-465 447
-942 -259
-779 417
785 -94
471 -124
-634 -890

-329 -267
236 88
-200 -188
-323 -395
-366 -474
-243 -275

-10 -12
10 14
14 -2
4 -15
-11 -8
11 10

-4 3
4 -3
-4 5
-15 -2
731 260
-909 -316

389 63
-4 31
806 100
3 40
-34 58
14 67

4 -1
1 -4
2 2
15 10
-124 -117
-227 -211

144 -277
-287 -300
47 -456
-23 -199
-260 136
-120 -378

-271 -333
-237 -289
-187 -309
-348 -301
-866 -383
382 -191

794 -612
-540 522
-76 127
40 94
98 -26
98 -39

-13 -16
-22 -37
10 -1
11 -18
16 -45
2 -39

-8 -9
4 5
5 -11
-9 7
11 -4
-15 0

-469 -237
-368 177
731 -307
750 -728
-507 605
-488 184

-104 52
703 -617
-86 34
-69 27
33 21
44 -4

19 -37
-30 10
-31 26
-48 -37
-43 -50
-9 9

-9 -84
-9 -83
-74 -35
24 -80
51 -85
10 -75

-5 -7
-12 -6
4 -1
2 9
-4 -12
3 4

18 -25
23 -18
-12 -12
-256 293
55 -27
-571 618

-19 -44
-38 41
-39 36
-19 -34
-31 -15
-43 19

12 12
10 -1
2 -14
15 -1
2 -1
-7 5

-453 -98
-431 90
71 835
-6 177
430 358
452 546

971 -136
914 455
273 821
-235 -192
-292 399
406 -558

267 -352
403 168
597 592
64 -16
312 -64
117 148

108 -46
20 158
-174 919
-296 268
72 660
370 903

-23 31
40 -50
1 -12
43 -49
-8 2
16 -7

469 -495
44 185
111 57
-443 179
-407 7
-369 71

11 75
-577 921
-287 495
-29 25
31 -53
47 12

-708 -940
-4 1
-203 -267
-10 -14
26 13
-9 26

-260 -367
-510 -977
-199 -190
-57 72
-64 -35
-2 -93

13 -11
15 -20
1 7
14 -7
8 -11
-1 -5

265 -238
243 -442
396 -453
-281 418
-303 214
-128 407

1 3
2 -3
-2 -1
19 8
8 8
-26 6

-42 320
337 912
-84 -471
-108 -923
700 -892
537 -558

404 -614
810 285
888 131
836 -344
243 -683
952 -54

34 15
49 -19
-41 35
29 43
39 12
-31 4

-29 51
42 36
44 27
66 12
36 21
75 -11

30 -14
-50 48
4 83
-38 97
-90 79
84 21

-14 -6
-13 -19
-19 3
-15 -9
-13 -7
-15 19

-770 -160
-63 -27
-190 -51
-64 -9
-42 96
-53 40

-413 106
376 -629
627 -934
-345 -68
70 -335
-130 -71

3 -5
4 4
-5 -5
20 -11
-9 -8
-652 61

-322 576
34 -55
-334 600
16 14
-2 -10
-17 24

46 29
17 34
-8 41
-44 49
-37 46
45 22

58 19
-37 -26
-91 0
69 50
-91 -35
-15 36

-3 -3
5 8
-6 -8
-1 5
-2 1
-7 -12

-17 732
-644 -341
109 886
-50 -170
-386 166
337 -442

33 -20
37 -12
16 2
354 -458
-25 80
36 -6

45 -245
-79 -304
-459 349
-345 -170
107 -36
-361 54

-694 330
-500 143
390 324
494 -690
-627 655
435 -799

12 7
-437 -302
-212 -147
-5 0
5 5
1 -4

-15 10
-24 14
-19 20
-29 11
143 669
-38 -23

3 -2
-3 5
5 -4
27 5
-4 4
-192 -2

814 -857
-743 851
-50 87
86 -13
-36 -35
5 -76

3 1
-2 2
0 0
51 -52
-9 15
-25 33

10 17
-344 -611
559 991
-5 3
1 -1
-2 -3

758 10
160 -264
-984 426
753 428
232 -698
346 942

-708 -200
647 -485
-203 -318
-60 -419
-631 -221
-634 -192

311 500
257 94
435 -390
230 -109
203 -312
-207 250

42 34
1 16
17 34
35 47
46 -2
44 -34

3 1
-3 4
1 -1
-207 -814
-105 -403
-9 -16

699 -512
200 -176
983 -701
-1 -26
36 -44
79 -95

-294 421
305 -132
311 -130
80 507
28 103
127 959

-375 -645
468 -355
960 -314
-735 -89
-516 -437
-396 -134

95 -270
-491 335
-187 -345
165 -336
-511 825
245 -156

18 -1
222 14
16 -1
-5 -1
3 5
0 -1

72 -58
51 146
7 522
81 59
54 50
15 77

596 -372
706 -329
-937 462
-717 548
-898 955
-685 -395

309 632
-47 0
450 881
-15 20
15 -28
11 -6

-68 80
49 -53
28 -19
62 -142
-451 494
105 -193

7 -91
-70 36
72 -30
41 -84
-5 97
-73 83

92 -14
-47 -19
-83 -50
61 74
56 -45
20 -76

5 11
8 -14
2 4
9 3
19 5
16 14

-101 5
44 -48
159 -91
14 -24
14 -19
-14 11

-39 -56
-38 -44
72 88
-31 -81
-45 -84
91 30

-47 36
-5 87
75 92
-340 -983
-142 -371
-15 2

-695 -109
299 167
-168 -211
290 239
767 537
-127 -539

16 8
-13 -20
0 -24
42 8
50 -24
117 -352

16 15
-23 -15
-45 -8
-32 2
7 32
-2 49

1 -35
4 15
3 7
-1 3
3 1
0 -4

243 -127
923 -428
23 -30
-12 -6
8 14
15 8

2 13
2 12
-8 -194
-1 -2
0 2
2 0

-908 426
837 -354
174 -58
39 17
-54 48
100 -10

-15 -685
0 -619
20 557
-75 -629
145 -481
-155 -757

68 199
842 -903
746 -625
-514 745
-310 610
-954 500

-3 4
3 3
1 3
-17 -7
-427 -325
-681 -522

4 15
-10 2
-8 -15
-12 -14
6 -2
8 14

145 -70
-305 117
-667 524
816 -279
-375 -730
-119 -730

-415 233
-142 325
-407 327
-236 -213
17 -356
370 -457

-35 -54
27 -79
-40 -53
32 -80
-93 -34
85 -99

-31 -28
12 24
-19 -12
0 8
-50 -48
31 44

-271 361
705 127
-294 -844
194 -961
217 244
-782 -727

67 16
40 90
-68 42
-41 -32
31 -43
31 86

135 -76
-633 -619
583 -311
632 -785
264 -113
-245 -335

-19 -4
16 -8
-6 -13
-747 26
-128 6
-22 3

66 222
-178 -560
-59 -179
-35 -99
-21 -65
-4 -17

-10 18
-8 -2
25 -26
4 6
55 -28
-764 506

-4 92
22 78
-21 35
-444 796
-17 175
705 -871

-400 19
-281 475
210 59
-403 467
-246 -195
213 -389

92 289
-17 -44
-126 -372
-17 -10
12 15
28 10

91 838
123 718
137 663
-3 916
905 170
799 257

-4 5
-1 4
0 -5
1 -1
5 2
-5 1

21 63
-16 -43
19 33
-9 62
-10 47
50 49

-1 20
-326 -493
71 133
-24 22
-6 23
-11 11

-4 -9
-4 -14
4 107
0 4
5 1
0 -4

19 -17
10 -6
5 -1
18 -9
4 1
-4 6

-48 69
75 91
-48 77
75 24
99 82
99 41

-273 -134
122 -694
-28 -452
91 -739
-298 -50
-13 -525

-65 56
55 -46
-29 -43
57 -61
-4 26
63 65

340 -70
-197 -379
-307 -229
497 63
-7 -291
355 -264

1000 -401
12 3
-279 122
7 4
-1 12
-6 18

83 195
66 9
65 11
-57 -97
-78 -99
53 -97

-455 204
352 -183
55 -41
-22 -19
-17 -24
5 23

-25 -30
19 -10
18 -10
51 10
49 5
47 10

129 -71
-988 -85
540 -65
-45 -65
18 -64
84 -78

22 36
-78 10
-66 2
-23 66
72 -90
60 -82

11 3
885 144
807 132
-19 -14
5 -11
-13 8

49 42
44 27
5 -36
27 18
8 -45
20 9

2 -2
-1 -4
2 -3
128 -1
-22 -2
-19 -2

5 2
7 1
-4 11
8 2
0 -3
-11 -11

-25 13
10 8
-27 -9
-641 595
-41 -20
-53 -9

-54 -30
-76 -42
-36 -30
57 -21
39 -21
70 -33

2 4
3 5
5 3
-1 -1
-3 -5
1 1

-15 3
3 -3
-4 -6
-2 -10
11 -11
-10 -2

669 582
-408 -216
99 172
154 -330
164 -351
424 432

51 79
-463 397
153 -194
-293 -58
274 11
-172 147

-535 306
-665 761
-918 385
-894 243
-505 -930
-802 -456

12 -37
20 53
71 78
-32 -93
-39 -62
92 -15

15 25
30 15
12 -11
-221 265
104 -175
-38 19

749 -835
298 -150
-29 255
-257 498
-19 336
-45 180

-921 -922
65 -302
274 -151
-983 -947
-589 235
-966 -945

0 2
4 -5
5 4
-16 14
-650 363
233 -123

8 36
-21 13
37 29
-50 20
-50 35
8 21

-314 -1
-591 -747
-52 184
-521 127
-224 640
93 702

-5 -3
4 2
4 4
4 -2
-5 -1
4 0

100 28
96 0
89 39
99 21
83 85
93 67

309 -443
671 449
393 -194
865 843
911 919
199 -588

-138 184
-660 823
318 -352
-18 -89
-71 100
8 37

-137 471
-275 322
-851 -368
-86 295
-344 342
70 303

86 93
-7 76
46 -27
14 55
-126 250
650 -756

-16 60
-72 95
-73 49
38 -67
87 -51
-67 -48

-17 -3
-29 19
-5 -17
-105 -954
-9 6
-11 -15

-17 124
-39 468
0 -132
-16 32
-8 16
-30 33

36 4
31 47
15 25
-165 187
-503 495
214 -156

419 -330
35 70
377 -400
-61 -90
-201 50
137 24

9 1
-36 -29
-91 13
48 -32
-34 -8
11 22

46 -16
27 -7
-43 -49
-40 -18
39 5
-26 -32

306 -250
391 371
617 164
370 56
91 425
-210 257

5 -64
-409 532
-12 -21
-96 11
-90 81
8 -54

-3 -5
-3 5
-1 0
-5 0
-3 1
5 -5

-36 -62
-94 -50
-98 -26
-46 82
-86 28
-62 94

-984 568
21 -138
492 -257
-907 -4
443 107
422 263

-2 -1
-1 4
1 5
-2 -3
0 2
-1 -5

423 -499
168 -796
598 624
177 869
-400 100
370 720

-17 -10
-18 -10
-19 16
-6 3
0 -1
20 -10

15 -14
12 -11
-9 -2
-6 -5
-12 -5
-11 -11

-481 512
-89 -111
-79 -136
70 10
-100 -7
-10 23

41 9
8 -35
47 42
10 -24
16 9
37 -13

-936 962
-39 -97
-156 102
975 -935
744 -683
289 -423

744 -820
940 -933
459 -95
74 -658
-621 -818
573 -385

-966 241
315 31
-631 -581
712 733
864 -59
-436 250

434 -96
-214 -66
-627 214
312 259
-303 199
-89 -55

-724 -162
-547 -530
-84 -804
311 -248
59 -757
277 167

7 8
5 4
-6 -2
-18 14
-1 -11
3 -15

-93 85
57 -25
89 -96
-187 -180
-141 -142
-95 51

-717 -674
117 928
-625 -472
86 287
-370 -365
161 348

-10 12
5 -32
13 18
-12 -44
-50 -6
-29 2

-4 -2
-5 0
-1 3
1 -1
5 2
4 4

-400 7
-43 -409
-415 27
-745 352
-587 188
-105 -318

268 -18
326 20
221 -75
201 -75
-545 -721
-679 -835

7 -2
13 -5
-1 4
15 -8
-3 7
-11 13

76 -136
40 182
168 70
-292 -343
-596 -971
-332 -305

-424 -193
-156 54
-109 -103
-203 211
206 -13
253 -170

41 484
-4 2
-15 288
7 424
-182 -444
14 360

-23 -34
4 2
-33 -37
-36 -10
-31 38
-28 11

-45 13
-36 -32
-25 -21
7 11
36 37
12 -5

7 12
7 -10
10 -15
10 -6
-2 0
3 -8

-383 539
-418 -42
-438 -119
267 -126
-8 64
-68 73

0 -3
5 1
-5 2
4 2
4 -3
-5 4

36 20
45 -31
22 24
29 22
-18 -13
-32 -9

-196 -145
-834 -972
380 599
-25 12
-40 39
-100 35

4 0
-5 -1
-11 0
-6 15
-17 11
6 18

350 -409
-228 -178
150 -411
528 -644
728 -642
-850 -421

415 -12
130 -13
46 -13
23 -18
22 -15
-8 -9

2 -2
5 1
-2 -1
-1 0
2 -1
-1 5

56 62
17 96
2 60
41 26
80 -8
95 28

-63 -85
-4 -16
-13 5
472 38
-263 -82
-58 -46

27 -15
13 25
12 -2
-512 377
-33 82
22 49

136 -344
58 -303
-910 211
-52 -240
-632 83
716 -667

-4 -1
5 5
-2 -2
5 2
-2 1
-2 4

-24 4
-23 2
-8 21
-104 -4
22 -11
11 -10

99 -71
42 -28
-28 17
34 -61
-25 85
-7 48

-362 -205
36 51
171 126
33 -3
-81 -75
80 68

23 -203
688 847
377 617
414 -284
414 416
166 -421

-20 52
-23 65
1 58
25 51
76 24
100 17

29 -33
-11 -22
34 11
-17 22
9 33
44 -22

-1 -11
32 -49
-22 -5
-18 -49
-4 -38
-42 -25

19 6
-8 -4
25 18
-86 264
8 44
35 -22

281 118
497 222
-37 -405
179 -301
-81 67
341 -223

-67 85
2 -70
15 -75
-11 -65
-1 -56
-41 75

-906 32
86 -408
314 -552
19 776
-981 40
-729 268

-3 0
-5 -4
-5 -2
5 -16
9 -21
-7 0

965 -296
-863 956
642 -162
-490 623
-868 533
492 435

-16 -6
17 12
-12 -7
-3 17
-3 12
18 -11

29 -83
-33 73
89 -98
58 -20
-62 10
-93 88

12 -6
1 -3
10 0
5 15
3 -9
5 -15

20 -61
-20 2
-1 -58
1 -1
-60 65
-39 62

-673 281
490 807
2 535
742 703
768 855
275 267

18 -39
36 -81
-4 13
-4 -2
-2 -4
-1 1

-33 -47
-55 -49
-609 -74
67 -1
61 -61
51 -68

-220 205
296 -236
352 -126
-484 487
912 159
553 185

-325 -138
-36 -28
-453 -186
30 0
1 -28
6 -16

-36 -99
78 -82
50 -51
-92 -37
-98 -59
84 -60

213 194
395 342
-187 108
-34 346
269 -139
386 -470

-182 -772
888 818
-242 -958
782 452
18 -665
298 -120

0 -6
-10 -117
5 50
0 1
5 4
5 5

10 10
14 6
10 3
12 1
10 4
12 15

-204 -215
17 9
989 992
1 -25
11 -30
14 17

-2 56
85 -21
88 23
-89 -31
937 626
-784 -480

76 273
62 111
59 -48
77 36
47 66
52 3

-17 -4
6 -8
-14 6
-1 9
19 -5
-4 -1

-13 -9
28 -10
-30 -12
885 -777
-555 443
2 -29

561 -142
-97 -209
819 933
-783 99
-311 -786
169 -224

-217 350
940 -859
649 -499
374 -193
-361 -112
-207 -217

60 -18
2 -27
0 -46
68 58
-5 42
-65 14

-15 18
-38 -40
-2 -8
25 16
-13 1
21 50

2 4
5 5
3 3
-5 1
-1 1
-5 0

-662 348
-252 -72
17 -314
-98 -324
-72 -256
-191 -38

-34 -30
9 -15
38 -12
29 7
38 22
20 -42

-22 -25
11 -19
8 0
-468 -789
10 -2
207 321

-19 -49
-236 -497
419 -457
368 426
-406 -132
-334 -448

385 235
295 219
-77 132
-45 89
23 115
-316 13

99 -606
126 -728
-77 728
31 -799
17 -197
18 799

-432 -270
-319 131
48 -390
-653 63
-221 -853
-611 -503

17 262
-307 227
-595 -864
-616 -248
-604 -600
350 33

-12 -4
-3 2
14 9
-2 3
13 7
-11 -2

-14 -6
-5 -1
-12 -8
6 -12
-7 -13
4 -10

35 -41
29 -42
29 20
28 8
50 24
35 30

82 396
29 -292
194 308
-225 363
773 -820
-397 485

-19 -24
-405 -295
-41 -39
-8 5
-19 -21
2 13

-192 -274
811 586
-323 -306
-890 -752
680 554
-454 -338

74 -41
48 -46
-4 -55
-56 -63
48 -48
74 -44

2 -15
-30 -3
-3 0
33 -38
-9 -52
-15 -44

-738 -866
-11 -18
-516 -608
25 30
17 -25
11 20

-215 56
-283 39
185 293
312 -189
91 475
125 415

-227 985
483 938
187 -983
-730 48
828 -702
-523 -936

277 -168
-22 181
184 -29
197 -440
-54 -383
458 -463

-430 982
86 692
79 451
-444 500
713 57
271 117

-23 22
-10 23
-9 1
30 4
-49 20
43 5

-996 -304
335 167
292 211
550 -53
593 -97
-523 -788

5 5
-1 5
-2 1
40 -21
7 18
0 27

663 496
0 740
-131 710
159 -609
-238 -502
294 -776

-72 394
-491 456
-392 438
-282 434
-69 548
-251 444

-4 -2
4 5
-1 -5
29 17
-4 8
35 20

55 -656
50 -678
379 -332
-640 349
-828 481
487 -413

5 17
-18 -18
-22 40
9 -41
-45 5
7 -12

-2 -3
-2 5
1 3
-4 -1
1 -2
-5 4

209 942
47 816
245 -844
-691 938
839 -598
-199 252

-410 -445
-265 -668
-298 -359
725 -300
305 -978
372 -959

-14 -34
41 27
34 28
3 -2
13 31
-21 -33

-117 -310
-202 100
-63 -157
-779 678
-834 788
-617 993

-19 -3
225 -144
-160 78
5 -21
-21 18
-8 -6

27 -10
17 -19
-22 20
18 0
-923 81
-26 3

-16 -30
-23 1
7 19
12 50
-13 32
4 2

921 -631
-98 97
593 -396
-67 74
-55 19
-40 7

-246 132
-727 -574
-472 -192
-188 364
-333 -42
-125 566

0 -5
2 -3
-3 2
5 0
3 -2
-1 4

-5 2
5 2
4 -5
-199 -226
18 13
291 314

-343 889
65 247
863 97
-447 -913
391 594
915 998

-33 -33
-81 -8
35 62
-13 87
63 -83
73 -23

3 5
0 -2
4 5
5 5
-2 -2
-1 -2

-51 -39
41 19
-80 -15
42 45
25 -8
100 -3

-5 -41
12 1
-12 -25
-26 7
-45 10
7 -28

3 -5
5 23
3 7
1 1
4 -5
-1 -3

2 -2
4 -4
-5 4
-2 1
5 -4
-3 2

969 -629
7 -9
-159 98
2 0
-5 0
2 2

-40 46
-4 -44
-19 -19
5 -9
-49 -19
-13 -4

-176 91
291 -474
31 -158
110 -202
-499 393
-199 101

-45 89
-11 -22
-3 -25
-92 -8
-63 63
-94 -40

-179 62
-941 -436
618 -439
-138 -444
411 -618
797 678

-41 22
-22 -77
14 56
33 -43
-96 -12
88 -9

-359 654
-39 910
3 328
-167 -207
280 -351
754 -63

-933 602
382 -214
-25 39
-29 25
-28 -15
-14 8

-2 1
-5 3
-5 -5
129 123
15 15
-46 -43

-70 -142
26 31
2 -12
2 -1
-4 -1
3 -5

2 -8
10 -5
-25 -18
-33 -24
-716 -526
167 123

76 128
-28 -294
146 319
-10 -150
-38 -128
-362 -219

47 -128
-1 50
216 -748
4 20
-12 29
18 -8

78 38
-48 59
65 16
860 -34
14 37
605 -9

20 -13
-11 1
-10 -27
-41 -95
-7 15
53 184

-290 -386
922 340
-444 -435
290 -76
-128 -269
-896 -749

21 4
-971 447
549 -234
-71 -22
-24 38
-47 -38

189 594
413 580
-596 357
492 289
426 -279
505 -570

-4 5
-4 -3
-3 -1
-5 3
-1 3
4 5

362 -146
574 -838
461 -47
-294 310
619 145
-770 298

887 464
235 308
925 414
258 351
424 388
-882 329

-100 19
-73 -26
-80 31
-65 6
-38 -39
-43 -76

756 -284
-905 -592
-681 -583
710 -949
203 46
-53 655

994 -786
697 -483
131 591
-67 793
230 490
-194 426

38 -41
13 -27
-9 -29
-42 -32
-17 -46
-39 -48

-21 42
3 36
-38 46
-30 43
-1 19
6 13

-64 -87
1 99
11 84
23 66
-70 -78
-60 -93

-123 -880
741 382
854 -38
-674 275
-707 600
839 692

-145 43
-82 23
12 -7
-2 4
-3 2
0 -2

942 544
723 463
-460 174
360 -414
273 -669
69 -893

-82 -56
37 -5
8 20
-13 884
-137 -59
-195 -536

-3 41
12 -19
-18 46
-5 49
-41 28
-24 15

-351 -877
686 453
-660 -585
-296 226
-969 -293
995 161

-123 398
759 820
-81 453
787 887
56 -325
-277 -835

17 50
-7 49
-11 44
0 7
3 18
-7 20

4 -30
-18 -11
15 -20
849 -407
252 -131
19 -24

69 71
27 20
38 75
-984 -954
-892 -865
151 163

264 141
-537 -292
5 1
-4 4
-5 4
-4 -3

32 -4
26 2
-19 -36
-8 -47
-7 35
-14 -41

-447 32
254 350
332 345
20 365
-213 17
-368 -336

-3 18
6 26
-18 25
22 53
723 889
553 686

-13 -2
22 -23
27 -21
979 -915
-890 853
-22 32

-12 -14
-15 -2
-9 -19
-12 44
-5 -915
-19 1000

675 291
-215 -837
997 258
189 -472
915 -140
429 -903

-3 -17
5 7
36 33
20 -15
-26 48
2 -2

-532 564
160 -599
-767 771
-793 -313
186 485
-62 150

27 -11
-25 36
3 -16
23 46
13 15
-35 5

477 715
487 735
9 -154
75 -26
94 16
31 -88

65 111
-66 -109
-11 -17
0 2
-5 -5
4 -2

1 -3
-2 5
4 -5
-2 2
1 5
4 2

3 -2
-1 -2
5 -1
0 -1
2 -3
-3 4

-13 4
-1 -13
-8 -2
-11 -1
13 4
-4 1

362 319
8 -108
305 322
-56 341
-125 -101
-182 -98

-12 4
6 -7
15 -7
-14 15
-3 4
-1 -7

-13 15
26 -22
50 -47
36 -30
33 -45
44 39

530 -971
149 -776
600 -770
48 223
359 -173
289 -374

2 23
-36 -20
-18 0
14 41
-47 -33
-34 -17

30 -65
20 69
21 61
27 -15
9 79
36 -59

201 441
-27 225
-262 -433
-222 -629
938 -626
386 -713

-54 69
-99 -20
-36 59
-12 33
30 73
-51 -53

-75 -76
85 -14
78 -11
-90 61
-76 55
75 -75

-11 -5
-27 -4
-17 -8
335 257
-547 -409
-45 -30

-315 40
-168 -221
797 -160
-21 -482
363 388
-229 -274

2 2
2 -3
5 4
4 0
-1 -5
4 3

2 -31
2 35
-30 49
-30 -26
-30 40
2 32

0 5
-5 -2
-2 1
-993 -198
663 140
-18 1

-5 6
-26 -16
-22 24
-728 -995
-37 2
530 819

4 -14
2 0
-1 12
-20 7
-5 1
-18 5

932 -216
-612 114
-46 -7
-7 -20
-22 -18
0 -18

33 -57
13 23
28 -79
-12 22
-2 -8
21 7

-902 -503
324 597
451 538
-140 -857
127 132
184 -451

-49 28
53 46
-73 -50
-48 45
-46 -53
28 83

375 -245
236 -167
236 -749
-459 -350
375 111
-459 -253

89 -3
68 -39
44 33
50 15
57 82
91 68

-7 -396
377 -150
-760 -848
-376 -602
889 178
758 88

-52 -241
-243 -522
199 136
-35 -83
68 -49
-34 -97

-9 -3
-2 -2
6 0
1 -5
-4 -4
-3 -3

-13 -5
-881 -678
797 623
-4 4
5 -1
3 3

471 596
-557 -672
-296 -363
298 -309
-66 -269
275 -343

1 2
-2 -4
-1 -3
15 22
153 217
-14 -19

8 -23
-17 -3
-20 -15
-35 -41
46 348
64 430

-49 15
-60 -44
96 -50
27 -83
-18 97
46 47

0 -3
5 0
1 -4
16 -17
6 -8
664 -601

422 376
-817 -680
16 30
-6 18
-12 8
-12 1

-19 -2
-21 -25
17 1
-824 820
28 -2
169 -139

-733 478
538 225
-546 377
-91 -488
-392 498
-161 -528

-376 -438
-345 -451
444 422
-264 -184
210 -142
-182 -98

-21 32
30 -1
-11 42
-45 8
-12 20
-38 36

4 0
2 -1
-3 -3
8 -14
-606 595
131 -136

-698 -505
701 -76
-526 -289
276 402
-606 -263
-720 -90

5 -26
112 111
-38 -84
21 -26
30 1
5 -39

-1 -3
5 -3
5 -1
2 -1
2 -5
-1 4

-7 -5
-19 3
-5 25
-377 -237
216 177
-18 13

14 -6
-100 -80
-50 -70
13 77
-12 72
-100 -48

-668 -104
190 -122
-707 -107
515 261
-967 -183
541 271

123 534
15 54
7 19
-1 -4
5 -1
-3 5

12 31
1 -25
5 1
17 48
10 18
-7 -46

-794 -272
718 317
31 -223
122 448
-565 -92
-198 -403

20 5
-11 12
-26 2
639 200
39 7
-616 -203

14 -15
15 12
15 6
14 -9
15 15
14 -3

966 -711
366 -261
-849 90
-217 -627
-447 -387
-320 942

-14 13
-171 156
-158 144
-5 -3
0 2
2 -1

-37 -47
-27 23
-25 35
-29 6
-30 -5
-33 -18

1 3
-3 3
-4 1
-3 4
5 0
5 1

9 3
-9 -22
-15 -21
131 92
49 30
-41 -36

-5 -5
1 3
3 3
-17 13
484 -288
-57 37

31 -43
6 -44
74 15
-113 943
222 -263
114 130

12 -7
-15 5
-1 -7
-9 13
2 5
10 -15

30 80
0 -4
-6 -73
79 -753
-46 148
-5 -135

273 351
171 222
9 17
-3 1
-5 2
-3 -5

-15 -213
-65 -761
6 17
-4 1
4 1
0 0

194 353
734 -287
-263 -823
-130 125
-771 -197
720 -895

5 -19
-9 29
13 -27
16 7
276 -401
60 -61

96 10
5 55
82 29
2 3
26 -52
-59 97

2 0
-1 -5
1 -2
87 72
9 5
80 66

187 767
-313 17
431 -258
-355 -557
-415 323
351 680

4 -14
7 28
-8 -8
-3 -26
-1 -17
-235 -809

-284 825
-965 -747
-373 -43
444 -439
-436 201
-272 -431

11 0
3 3
-9 -12
8 6
-1 -15
9 -9

397 103
918 11
-94 -75
389 175
419 -95
-8 -849

2 -3
-1 1
1 -4
-2 0
0 1
5 0

2 -4
2 2
5 -1
-3 -3
3 -3
0 0

-12 13
-1 3
555 -500
-5 0
2 2
-2 -3

-369 -991
497 -391
811 455
537 -218
449 -999
-147 -104

-97 -381
167 366
148 -311
369 -24
379 -245
-366 -234

-90 471
-320 457
-4 -34
44 139
-282 -221
-464 -62

-5 -12
-23 -2
27 4
221 -132
-275 204
-17 28

-39 1
148 -375
-486 908
-30 -29
-1 -30
-30 24

62 45
-5 38
848 118
-11 4
-10 -12
26 23

5 -12
15 14
5 -10
10 3
15 12
10 -1

-716 221
-929 -442
-498 995
-458 49
-675 623
-102 -799

1 27
-23 8
9 15
-596 -805
99 175
3 39

40 -20
25 0
43 40
-34 4
13 -24
7 0

18 3
-8 3
-19 4
-15 14
2 17
-18 15

-47 19
-171 67
45 -20
-14 -1
0 -15
-18 -27

-578 771
395 -134
-522 458
-31 -996
-389 -933
-536 -198

-473 -452
-831 -789
-7 -13
14 3
-12 -9
-15 -15

-403 -300
-117 289
345 268
-839 -546
-655 -269
181 -522

-866 364
-241 855
-59 589
149 -735
-169 -843
-722 -227

-37 -72
-53 -24
-104 51
-95 46
16 -19
-98 59

-1 -36
-29 40
-1 -44
18 -39
37 -4
32 -25

210 -43
-239 -527
750 649
-215 -376
-606 260
-268 -416

-125 267
434 55
-313 307
150 -19
311 -167
-238 229

-35 -1
-23 44
-33 7
-45 -38
-15 74
-48 -49

-100 -416
-827 -477
656 482
307 870
-71 421
627 -355

-19 9
-13 7
13 10
-16 -10
-14 19
-14 -16

-35 42
-26 28
-40 -48
-29 -26
-43 -14
-14 24

994 929
-221 284
-73 223
215 988
52 438
-160 763

761 -513
904 -482
-35 -745
220 -785
226 -733
129 -157

97 -616
-55 -684
369 790
-89 904
-56 554
-623 652

-220 -36
-196 -50
-181 406
-100 63
54 -3
32 -66

40 44
14 21
39 34
35 -6
9 -29
8 -39

-49 -22
16 38
-32 44
-1 -28
-8 41
47 -34

10 8
13 9
13 -5
-3 -5
8 2
-8 -12

162 441
-23 441
-148 -63
232 -295
-773 -622
162 -225

-77 -89
109 58
-205 -186
52 49
24 48
42 21

-379 313
-259 217
-66 -106
44 669
-247 169
-781 -679

-10 -38
49 91
8 -90
38 -15
35 47
-47 -55

21 11
18 0
11 46
2 -30
18 -3
-3 -25

3 -5
15 -17
7 -13
19 11
17 13
-9 15

-20 -22
34 9
14 24
25 -45
-40 5
25 -23

-2 -4
1 2
-1 4
-2 2
-5 -2
1 0

-4 0
5 1
-3 -3
2 -4
-5 3
0 2

465 174
-224 -123
246 61
412 210
-516 607
-638 673

1 -13
0 -6
-8 18
-10 1
-18 19
-6 -4

422 462
764 930
-305 -626
336 320
-478 237
102 257

-42 -100
-92 -64
28 26
53 -769
83 41
95 71

-6 16
594 -113
593 -113
11 13
13 -14
6 16

-977 919
-45 287
933 -371
42 234
174 190
79 185

1 -20
25 -34
-5 16
19 2
43 -12
-11 -13

667 -72
-363 -117
418 567
750 -285
-31 -969
-280 -330

1 13
22 -76
-72 323
2 3
4 4
5 -2

80 14
-77 34
90 -42
88 5
-35 -58
18 39

56 -46
45 -85
-32 61
37 39
-65 -56
-24 -63

64 -9
34 -16
-2 -55
184 -98
526 -182
199 -99

197 -310
10 -35
-74 40
-819 346
-400 160
-385 175

-150 -95
-201 -92
401 -27
-726 936
-274 123
-673 852

-493 181
-600 983
-691 38
-29 -740
-480 316
-811 705

-875 236
685 -198
34 -17
19 -3
-4 -5
1 3

57 43
-14 -8
-64 -44
-3 -5
-4 -5
-2 1

4 -1
1 -4
-5 -1
-4 3
3 4
2 0

63 84
68 42
69 22
-21 53
266 20
-475 105

275 -119
264 -75
164 -460
480 -478
-118 613
249 -71

30 148
-594 685
-420 226
706 720
490 783
420 -90

-4 -4
2 -1
0 -5
11 7
-379 -515
20 19

31 -78
-39 24
-87 23
-100 -29
90 -33
49 -6

-524 149
307 -193
473 -661
316 -26
-83 -939
148 422

177 -770
66 -904
-364 -868
754 584
893 750
351 546

2 14
3 14
-8 -12
-1 1
4 0
3 -5

476 -469
687 -195
620 -593
831 -319
-23 -495
332 -345

39 42
45 48
8 -25
-17 10
19 46
-24 9

792 -305
-471 169
14 -13
0 3
0 -5
-3 2

411 -657
37 -53
392 -631
-21 30
3 -18
19 23

687 496
-258 246
135 -176
-869 -465
179 653
-409 500

-346 330
-182 84
-306 -6
337 -351
868 -870
-493 375

-20 86
-67 88
-24 90
67 800
-121 -716
-12 162

-3 5
-5 1
-5 4
-261 388
-363 539
-9 15

344 -74
-56 10
20 -6
1 3
3 -1
4 5

177 484
73 -172
-9 -674
88 -19
100 -79
94 83

-19 724
437 18
-245 -336
-929 723
-360 547
552 -865

301 -116
-18 -143
277 -156
529 816
556 767
246 881

-485 619
355 667
-380 720
419 -384
-368 618
542 -642

-16 -30
22 -26
-21 14
20 48
-33 -12
27 24

94 -85
-16 31
-45 37
36 -73
100 7
65 -79

220 -387
30 157
-29 -190
492 382
433 35
66 -462

-600 -177
915 333
543 614
277 -288
-361 -909
38 444

4 1
3 0
3 3
0 3
1 4
-2 -2

-27 70
39 82
37 -90
-29 142
-980 610
150 42

638 600
359 -147
806 -597
247 640
94 -485
-314 -482

-108 143
198 918
-4 413
-109 433
317 323
955 163

-251 8
277 124
686 -611
290 -698
-238 -814
-911 -137

-10 20
-893 996
0 9
-2 0
5 -4
1 5

90 21
98 69
-65 19
7 16
-63 -85
-97 -28

-281 -442
412 663
128 -427
821 678
270 118
3 648

-938 -231
-829 -314
62 809
-47 892
-970 -657
-329 206

11 -10
-12 4
20 -10
15 -4
2 -10
-6 -4

27 30
13 -4
26 -11
-13 42
-520 -709
-310 -399

692 -209
480 179
412 906
664 967
-68 -224
424 402

-143 -535
88 21
308 -97
-852 -711
-833 -783
979 223

13 -6
-15 16
12 -5
-1 5
2 5
2 3

1 4
0 1
5 4
-442 -147
-1 -1
11 3

-1 -3
2 -4
1 -1
-5 -1
-5 3
-3 3

-406 326
18 103
188 -247
210 14
-405 -326
90 -232

2 -2
2 3
4 -3
19 -13
48 -37
-8 9

212 -21
604 799
-266 -666
-235 227
-545 -43
7 -11

30 22
89 81
-82 -78
-16 84
988 116
307 95

-6 -16
24 -14
17 27
20 -35
-24 45
-28 24

-108 -180
153 -909
-42 -638
295 365
-353 -43
-197 -55

-284 38
638 -203
-116 -10
-17 1
-92 28
-26 -46

3 5
1 1
2 -2
0 -1
5 4
3 0

36 2
15 -31
-25 8
50 24
-46 -25
29 -9

657 199
55 -32
-148 -111
-57 -60
-57 -65
76 5

-150 -350
-18 -26
-245 -581
-9 -25
3 -13
8 16

-212 497
-696 410
-536 490
561 906
603 782
697 -86

4 97
38 24
64 -25
-95 17
-14 -23
-73 9

194 42
-250 214
-145 169
55 89
34 77
96 21

19 4
15 8
-16 -18
910 493
31 15
94 49

419 -218
325 16
140 391
887 -656
335 -160
-745 825

-51 54
74 -59
-75 86
50 -27
-27 22
-84 75

4 -5
0 -2
-3 3
-29 28
-10 12
19 -13

181 140
-92 -63
-18 -8
-1 0
0 5
-2 2

46 -35
36 -16
-20 12
48 -36
32 -7
16 -27

-6 -19
98 -45
2 4
136 33
137 -786
134 -929

-43 44
17 -2
17 35
-36 30
-6 -30
-8 48

-9 -1
-51 -9
-557 -93
28 8
-10 5
-14 -9

2 1
1 -17
-1 -19
0 12
3 -7
1 17

181 -178
-8 4
-36 31
-4 -3
-1 -4
3 -3

601 -931
633 -172
169 -969
573 957
495 383
941 -523

8 29
58 -63
63 -18
-66 61
-796 361
437 -142

983 -689
-746 362
-125 168
-91 -660
-259 -301
664 -385

38 -485
624 685
928 549
472 753
-570 -213
-353 406

17 67
2 0
-17 -53
6 -14
-56 -36
-89 -40

19 6
-19 4
19 8
9 -6
-2 2
16 -18

80 -12
235 -307
-1 131
-82 -72
-62 -7
-28 17

30 -58
96 -51
-51 -74
7 26
3 -9
0 87

-629 -576
-382 -646
38 -339
-802 -953
211 38
631 345

20 35
169 839
-83 -518
-2 13
7 -19
18 -12

1 12
-10 -2
-15 2
-8 4
-18 -7
6 8

11 7
-50 -21
-11 42
-2 -14
37 49
46 -7

-913 695
814 465
865 419
-729 695
-321 327
-505 327

34 -70
-25 -58
17 -18
0 34
-42 -6
-17 86

6 9
15 -12
7 15
7 -10
4 -3
10 8

91 72
-62 18
-64 -34
-59 96
87 -32
89 20

479 178
209 358
227 434
289 -316
336 -463
207 446

27 346
570 39
-557 748
-399 209
-497 128
51 183

-823 -167
-510 -823
-413 -330
191 493
770 440
698 823

607 586
210 -13
-109 -965
841 -473
-187 -612
288 -366

202 -300
91 342
259 -72
105 398
-179 891
-217 739

-1 -29
-20 37
-15 1
5 34
-45 40
14 40

-112 -887
-123 -983
-20 55
23 13
21 -23
-20 4

-20 -21
32 -17
40 24
12 38
8 -35
36 -49

730 -45
-172 -153
110 125
561 179
-341 71
392 403

-95 -80
-37 -93
88 -63
73 68
30 -50
-12 -87

60 -5
4 19
8 18
1 1
-3 5
-3 -5

-1 3
-5 4
3 -2
-222 154
-668 460
-18 14

-17 9
-6 -4
-27 -9
181 341
-219 -392
-35 -54

-2 -4
3 3
2 -2
5 1
-1 1
3 -2

-282 84
-3 390
47 354
713 -953
549 -540
301 -70

702 42
277 -601
702 -48
702 -77
702 -167
277 -691

45 20
-42 -13
80 67
607 -156
-180 92
43 18

493 -336
-353 37
-442 231
671 -724
-264 -157
582 -530

11 14
1 14
20 3
-6 17
-17 6
-18 15

404 -249
412 -210
-29 573
-428 7
196 -12
-809 -19

-821 -766
37 -384
379 210
984 -263
130 -361
-365 26

-8 8
-583 514
-950 837
-4 -5
1 -1
3 -4

-922 -428
-609 466
-514 609
-447 287
134 -107
-28 72

-181 983
381 -826
229 -880
488 -30
519 -592
-46 -198

-38 -68
-21 -51
-31 -41
-220 -208
-144 -160
-224 -215

-16 7
-14 13
-28 11
-40 -14
2 45
108 192

-6 -3
-13 -5
-15 7
-5 -9
11 -6
3 -2

1 1
3 4
-3 -4
-569 -488
17 13
-245 -211

-749 -436
-960 -282
-279 -606
-631 -401
-813 16
-313 -929

259 -104
793 235
-561 649
-240 216
294 555
758 -424
