9 104 79
24 5253737 10034790
52 4478468265081220 1993586729588358
40 350510041063 607062314427
39 524099567288 323118284111
39 433653913429 326161062708
11 1502 1798
43 7965443842128 4741836487609
54 9660694619449677 12874688773289460
35 8025986773 3973236964
16 38383 13634
8 139 78
1 2 2
37 85438284556 110199889326
30 16961017 18010121
52 4028263830629462 3690728015544813
43 2822093926278 4454038284248
52 3607998711025579 100570472526118
7 107 4
6 43 12
17 57593 24619
4 9 1
32 925233906 3303933934
40 237529530814 509295262978
50 1006220624072666 936956748170141
43 4224839476403 7792507875290
9 54 469
2 2 2
1 2 2
41 732222043748 1757890842222
28 242203957 105514642
45 6676184388822 22834440835398
39 87919937999 179492643681
19 352842 105856
52 3607755721095221 4037356678706793
37 14664190872 74535466363
56 5783670550451838 52037759774517311
59 228640894672377195 554082594839488205
31 1347269380 1997821967
30 86215417 826990617
19 400959 488135
23 7377626 4666845
18 250882 147360
18 255864 258897
13 3298 5212
28 15705164 241668634
41 261529403746 879861032564
16 43493 34772
38 24380102768 113414245193
21 441500 1118383
31 1001689643 1531290223
34 4719235769 14085460325
60 614623718610054770 974154464646635881
10 494 762
58 262686932445498984 243359470494609940
40 350712537371 40525203352
8 4 143
46 57583174908168 60852511609023
19 372016 217366
46 2610752971877 51921409399143
17 75320 35329
36 23165876874 62228548036
46 57379140220227 505169002272
29 376940947 263451290
16 52187 30936
19 7397 508920
25 25455633 27640357
18 142839 149400
6 1 44
43 7671769710210 5502618777499
30 409994953 965549826
19 72899 410917
10 496 882
43 8035940061957 6351547173888
50 841575447784468 709729693217653
18 63962 21812
18 13848 27557
38 160384665186 250594104449
11 1278 1262
30 1027718336 152966042
49 5316291791688 322002668281400
50 939479390000579 43673479664559
20 58880 3959
42 995828661856 1356219379935
57 985010934821840 42412825460244531
10 736 261
6 3 35
56 63032112632907657 6483579707236353
60 775749003776822153 1152713678098638449
16 26412 15303
28 236127192 28004050
11 1541 1403
16 3323 9476
47 43114964811907 25321500161158
7 101 13
2 2 3
35 27873093563 31243161954
5 9 25
46 59905137165858 51236578124606
29 401712922 421183226
0 0 0
