48 191909355673668 161406766586344
32 987378158 4044511856
21 2048060 1510792
57 50225790842149453 126484550734129371
48 107297817180074 48280843265986
27 71984233 15109130
48 227774417437673 226886965198349
13 5156 3109
59 563674601095229243 337927486594155689
51 1349911909508091 1014815190671692
19 277295 210650
33 6306983855 5651053929
9 172 226
54 11689776224444696 2473106980973304
43 6345265202942 7039883367031
35 16268725037 28289885319
4 4 1
16 2406 47238
23 2080472 6838341
43 175580643775 6304871385492
6 58 16
23 2041991 2887830
39 175451628727 254273482702
17 73917 25480
28 45012394 95557667
54 13258662801713757 5968600506953782
56 58070010365686199 11372793027889446
33 7817203331 4781539187
42 103300998569 2606464568217
52 498736694162935 1098918515664185
1 1 2
40 336237892766 641783375076
47 87281132577952 121217696650176
15 250 25499
16 50957 27156
11 752 690
59 330774308550015253 308134448059521783
52 2781440168540957 2891318382999492
25 12968083 2250946
22 3470771 3785479
22 1967718 2045014
60 449210689198122324 983887712230257171
6 40 63
6 46 34
15 6012 17624
19 225672 514324
28 192465077 200073023
31 514067861 1819021119
47 54091863814899 127495922683539
36 35142369333 12327234674
32 3912123023 848886884
50 1012084480175660 644882753790453
31 1720184637 1848508952
46 62235917573238 21101982245759
1 1 2
31 2073691818 2038916024
20 179013 157440
19 223659 133732
23 3542437 2696684
7 81 105
3 3 2
5 14 26
5 2 18
38 38733006350 47438707898
2 3 1
39 121147920535 198271633214
2 1 2
23 6596288 1258000
12 3427 2261
45 16637361933837 29241162581720
14 8356 3174
30 381507153 810484407
2 1 4
41 473647763004 1467474623332
42 38525765596 24563253423
1 1 2
21 1218710 1316246
41 112867629770 1949898900163
54 7958800693895996 10492202570028668
21 1548301 1639649
21 725697 2095886
27 91289559 124025026
31 282638752 1565836489
24 13134849 1082777
21 763720 495330
26 35981380 26031679
19 317665 225435
51 1238452678123436 524183091266740
5 26 29
42 1572694683832 945623753792
7 126 21
9 379 271
6 59 52
5 11 15
13 748 2038
39 418230861595 56682079626
56 25992137875341165 33254388658314610
18 231938 25321
34 15877910335 12453419561
18 13369 115488
0 0 0
