40 256345633507 715817368525
15 18637 3197
20 582307 863787
2 3 4
48 205658344471879 162476102466550
6 1 15
47 137727280257063 94222222487060
3 7 1
55 13456821266352555 18640072827517328
2 1 4
52 2440312251509977 3565590517698951
7 55 104
25 6013226 11305122
14 1831 8328
45 21244210278104 31884138692414
36 33083093252 50044622400
28 28585878 72316898
14 13921 15509
31 1989672959 622153895
7 47 58
57 40718301845500993 40661401760515463
24 6166515 6675712
48 110189145109242 18887273566612
19 13248 118575
7 123 48
56 54264422645678238 25120087157046454
27 70198795 85257711
23 2313306 8048940
39 130246545165 448992150026
42 83327833514 2781892722392
60 613770441222351334 104294956326749877
47 106338213331939 68200893667682
26 30020310 5202759
9 469 133
28 108694857 104230012
13 3193 347
19 65998 86701
38 59832018332 7402496937
43 5294885660747 4984115882356
17 12089 81530
41 1654391904889 1705257319059
41 1275930626702 1873898468206
53 6678853700278361 8045144967921527
13 7752 1339
60 260986459734375403 279076899590087783
18 205070 232503
34 16799253947 14236829440
39 250714059132 446217867162
33 7194781307 219654613
42 364684940063 1393237741205
51 1654273422633942 1806817282179050
55 955195817359261 23840015643912750
30 352615380 1021045303
36 15920298677 28578684779
4 15 1
49 153782186177658 296538247043261
32 1005604957 3754113477
46 69678510166064 66144097554047
22 1128454 367284
58 69188976764391141 112062489685905928
6 22 27
6 28 29
41 805612854623 868212108100
42 2389154859655 1282124370944
41 591203163118 1694906740228
43 8462840078128 5762037878350
18 61856 9049
19 359373 195968
1 2 1
5 16 21
34 7706763599 5753519667
7 92 33
29 175002712 184213139
3 3 4
50 917742198619139 624243298378531
49 205254608988393 196944826449591
52 4376229399172617 3444322680884054
4 8 9
32 2978290351 2319689130
8 50 24
32 2304011018 1149974072
41 1421101483769 1082006398057
53 1199500662296088 735621536062257
3 1 8
60 274158515176488836 853197798624223054
15 9958 9472
28 87130386 52686601
54 15642818873017653 8106493340566302
31 674804577 1632520531
57 138175400976300945 81719620485406629
22 3693535 4189721
16 42499 65445
14 14625 2582
32 2907295461 2871802289
9 176 60
6 40 31
32 1191498553 2941832654
28 16474091 47441048
17 30628 6156
21 1650102 1893790
0 0 0
