615
1342767
99
21
1303
38
1460108
1750
438
1558483
24
1509554
899704
1696752
1266
306
644373
37
578684
NONE
39
NONE
NONE
1300939
NONE
27
1348331
2000000
33
24
1318607
1285016
24
439431
NONE
773725
1356517
232347
NONE
NONE
1783610
1357
386
1471
35
28
NONE
308711
22
621595
28
1199593
253471
1376
38
22
527124
865460
1566593
999238
1419
399772
82
23
1479
262880
37
1297745
37
165243
217880
1491989
372724
1161364
1694852
NONE
NONE
12
1999924
550065
46974
1046082
26
65
1639318
2
938527
1789
31
28
NONE
1930
1480
1336
742013
523830
1135
413351
235798
1792
1272533
427819
1345013
1403
1243207
1521456
1901
1384113
29
20
1660845
193060
1270
1483
1130
33
192569
1510
1069082
332908
1599
628120
NONE
453
1139598
1688
1142
367037
287877
35
480046
1744
1956
1230
842284
1761566
1464428
29
1644215
898474
1401566
269682
1046870
808274
1676403
1114506
1552146
171
867933
NONE
1067173
1897
1572243
393060
27
22
267319
1679759
1312616
1414046
1701
1664123
712453
40
666628
1089146
24
1650
35
NONE
NONE
1368028
580
1408851
32
1249
261
NONE
1923077
1192
875321
37
188
1610
496576
1666365
942593
23
1617
1477
1601722
574626
1125502
24
1447
28
23
1219
NONE
34
785808
NONE
40
608
27
NONE
NONE
1099181
1161149
1296365
34702
37
1747
1698
40
1433925
3444
2
1122448
10
1844
31
1529
1211353
36
NONE
1273
1495
1852291
39
2000000
1859643
31
36
397646
1594630
329
1246366
1138403
1591
1018379
551
34
1886
558358
1656767
295
393
1433
1052803
1273735
1284928
1504131
1147
987848
304693
170447
1491029
NONE
1918
1205
39
1660
25
1202726
1420
1780670
NONE
NONE
2
805726
28
904234
