804 253965
316134 848363 588330 835138 681492 468862 933711 340891 517352 899270 649335 436734 8798 614571 710695 843550 827010 776140 585598 44869 98773 97400 706995 947703 37598 580766 452812 928984 633703 541225 276658 466188 905939 381339 301326 103783 850201 751388 961025 883904 650657 610359 320637 659455 741281 547684 19356 84643 840175 121305 129511 938947 218704 352857 886649 256301 933622 339460 701636 83677 397036 494646 549864 302975 875984 367541 923109 242536 118928 884133 126440 285937 10843 963428 461743 752123 27463 481098 353117 867637 602402 482628 806583 337457 351836 209584 593757 285458 65395 811745 885486 462431 306390 951701 281757 698725 319242 204865 941261 954521 88997 584052 756809 99839 63831 218551 368313 91294 216000 721430 958930 334753 720409 281865 672209 72244 491448 782318 874053 556842 594062 759538 535624 416803 227591 817380 115527 546832 22244 573139 17704 627592 673542 774513 727430 253725 509415 95743 345018 725415 333524 303947 60167 53932 102163 732376 126175 593610 31045 516580 666804 625106 276117 202427 558260 503707 19807 190138 566890 558402 279629 100946 702346 953170 875458 429775 206894 384872 41869 68263 626638 375392 888562 686805 945675 990724 935532 71850 584334 966576 588429 767489 108033 380897 969915 182644 400956 506073 372781 484197 580827 652409 585142 283172 121931 976951 712946 845176 878175 271167 913439 504812 162910 318352 707968 108585 309075 643499 696786 409760 126426 801566 177248 750810 182462 663515 933453 99769 169587 822586 100318 750413 474994 685459 33584 113276 178762 262882 958452 56936 534048 388242 78099 696957 706593 786067 805541 532019 945917 18678 941779 588695 820243 635378 339504 519057 298892 789309 135177 984831 611894 235494 735243 86887 437305 285179 716515 616066 548060 191318 189353 82107 579559 783803 295415 802503 569869 617308 334521 32138 635985 792651 620832 456228 944381 960335 491636 243272 749643 626812 744454 361536 862306 479697 964775 299610 764875 197641 432027 829286 388958 137731 427744 968516 921533 723158 287370 491402 856817 621890 523539 9154 930893 144370 981733 875273 621056 473368 634896 887051 100179 379350 764938 962484 375398 246064 778445 656624 443704 726823 485909 832661 864553 913652 317528 786086 153161 604897 793839 526330 743139 317377 535483 190383 978098 517215 65655 115505 990582 216902 2555 90760 112603 767493 569596 488000 529908 864392 144623 973612 591215 146883 322624 455767 576886 640152 758204 730047 761400 552042 256376 20890 385770 308210 211272 363867 825424 793278 995724 816005 10180 998278 423116 639134 282122 509063 127134 328382 889807 788108 301993 481021 451343 624616 453139 28228 781119 211343 274626 58871 763384 531001 79760 149154 839210 291032 29372 180985 84309 25095 513341 610840 539725 936457 249974 338198 961871 893459 666579 851677 681566 484923 849049 649260 625891 302188 677488 407009 29882 952113 982231 793265 999466 61991 458770 355027 353022 4494 536012 953682 545940 49352 80874 85664 502160 330847 423862 980383 740657 606792 348411 422222 91715 197460 587834 717605 15999 265321 640965 45880 733785 623196 355496 733250 685186 330618 604629 554559 335111 140640 24592 881050 706343 105465 483066 724855 952663 423279 705237 693319 30070 53647 631893 638136 767458 219726 872092 783456 485046 513057 345687 735182 652604 701183 468432 854141 548152 73060 408699 883262 730051 949642 280663 952745 55107 763728 677599 7769 703358 899187 217440 733428 952834 849332 887915 236643 69057 760007 20099 70454 273063 365785 805635 442018 583319 790418 296158 131470 379829 221208 531083 109879 170849 328098 62624 742307 608177 256574 266428 311535 155761 483867 561314 624946 333198 449228 861588 918606 209234 881686 505411 998648 763823 827397 440665 863493 617815 253174 511315 997643 474381 558749 623874 645230 886846 202849 387536 495023 459422 170315 322909 615182 654181 884222 756479 503730 849801 618067 938687 575387 16104 444097 90386 779926 271494 47403 159771 405660 300576 671085 919654 774957 746185 59879 936538 633031 262727 840425 644405 238501 10740 483665 370034 181272 367886 126513 685002 734038 744579 623688 309424 760682 584137 399810 56960 855630 447212 733082 777641 747787 920518 213646 39095 666702 273525 491984 816084 52603 332409 460488 291103 859500 944152 661137 40771 828389 304001 725772 78779 48579 865812 388202 325612 449948 304363 898923 821929 267926 148356 115921 532065 68873 329566 571159 735575 603090 63143 551658 655693 911903 528498 463147 287754 989001 640635 328524 333742 944635 570648 412520 509565 436459 800721 351529 402758 621436 250451 224686 889361 398807 340606 421425 984031 670171 508936 719605 789613 88430 787615 961657 332 832464 424803 804437 821464 65438 132960 671557 526424 219959 84076 35989 172769 401149 387517 575526 22584 154319 316563 428296 69477 173520 849721 53508 360043 358656 289464 149655 447085 593430 627663 963768 425893 52465 768204 763709 634254 417515 435265 160678 153826 519341 196666 326594 436841 100534 418472 459424 254852 735034 887719 840681 908554 253791 410540 268596 128798 700003 934602 575882 809785 562264 56001 752029 131080 340556 515737 281686 274423 467354 442363 428248 503046 155380 271193 939886 772265 689664 915661 27116 424698 319731 384148 849603 573522 794687 634550 702319 11042 85503 794553 820826 164118 366905 572854 295197 707461 604943 93234 498235 72296 535596 926482 575341 207327 197674 31578 979591 887338 947238 523059 828387 266968 907206 194341 356841 218245 345242 575512 745638 430744 886416 566463 594861
10 384943
23992 107759 106652 625198 795629 332464 195885 426135 765744 652038
7 1338435
971929 317067 508282 687726 155486 897671 585556
11 568333
284166 77198 213165 177660 210839 73724 86180 266506 147675 73887 284166
14 845894
390363 866813 874271 366928 836431 946448 670080 59004 447713 366669 371491 652531 319500 796813
12 772733
426121 703405 514534 516504 541002 43609 438855 274330 913939 524736 49913 84930
15 1700
625 40 516 756 317 777 791 605 798 917 409 129 211 516 809
8 1245010
929008 773315 244421 249113 500024 628203 89587 473850
2 2000000
286373 168635
863 954573
338056 59941 480395 463058 418265 747415 808435 88810 645530 139644 313388 799971 871609 886746 992762 525450 785606 60329 159830 162933 227067 800917 756617 727635 556689 654270 538809 143486 506449 464407 69187 360856 524347 549581 340265 458963 813348 665051 547772 458877 804695 861160 258847 676303 747905 251609 201752 49862 828289 877933 729146 571707 195202 485763 299341 751890 140032 354501 895375 162832 818907 480913 523687 859605 546845 380304 318568 360192 45354 866339 819068 850048 727498 77915 42702 991755 845875 760805 41616 190515 638738 287114 762221 833939 772876 61561 585828 429259 416062 997554 108442 751320 478466 148480 610925 25310 528783 929492 385502 90489 312182 720921 456888 39680 315187 499590 547786 161061 260394 105753 867927 415483 392866 630147 765773 682093 691708 867952 627703 624121 865505 736144 891792 860322 884624 502716 401984 929758 432207 787485 20246 744389 24757 477134 300420 339944 493075 364557 17356 269820 986661 885283 201655 379527 515429 967427 577971 723488 351731 205674 863960 217235 458169 755752 593909 859144 258467 995892 305254 207026 299728 325499 467766 324484 318984 284537 180779 328410 649093 198135 114582 152105 83417 316236 531631 115197 800014 625954 355037 151744 347979 218996 885331 322499 491099 479239 181643 749566 991482 486896 472943 291209 328746 940708 132044 164082 741596 312823 8843 907040 27309 123424 59144 627077 439659 107127 742273 239673 733080 613661 391416 597410 832657 793098 919908 323755 272336 101550 589672 263817 104797 62614 71377 949895 519673 719773 630328 261268 32595 639170 168307 576255 762594 227451 203331 202252 850929 461955 958276 584008 75616 866044 181417 424624 659141 101324 748378 447829 719226 854402 227997 340374 433367 299374 290268 953040 19146 920595 730659 568092 76117 415318 660698 838710 642768 864028 557313 493696 325982 31941 594055 401597 897984 291823 826220 557124 909498 90950 521304 145075 461703 749301 485449 895069 48674 292068 848108 584171 729015 95119 668614 805131 510436 329311 160192 669555 709690 717504 679602 35671 265796 273656 953620 163779 81830 779839 237255 991327 387140 758558 136402 848842 507858 138202 260263 72883 430269 108370 173405 675635 719840 358370 480765 230275 204032 640956 899829 913721 874812 95782 949392 140607 369437 419363 820738 967618 715553 57992 958945 102693 332901 611698 467886 357111 749899 728148 429993 696519 352870 119750 372154 72709 478119 369270 819336 682151 526578 235516 112223 917741 331298 61614 58347 217086 997328 395436 184704 712881 969779 660000 815573 302680 271697 799810 659790 537947 527958 606134 750817 397179 725883 122970 469887 720354 8592 805574 918856 535169 41090 31078 452909 372387 609044 27607 589472 606371 423043 290527 319251 392821 950526 651175 211852 738574 450985 387993 276520 495294 510479 27337 892472 752713 666658 878710 473066 675249 684284 908273 210417 725373 939351 663325 614111 548394 207284 719934 671116 630326 10461 990367 539498 477338 157893 267702 215912 125229 655694 492431 620522 166172 36119 29345 918885 702777 908055 908302 378025 108690 816575 104794 350414 272277 284470 964524 820670 491753 684457 8137 638430 211269 514855 694280 688607 672748 961981 420870 314328 134026 913300 934850 816550 465771 480546 251786 168547 904952 676439 62923 13641 493013 684068 364054 765289 968538 328577 102310 976642 529386 626799 131424 257006 141653 342055 461964 330752 304035 882833 645080 954412 312485 96281 770961 778255 576826 539098 463153 481778 215537 42427 495418 224901 726495 375824 506542 211384 220752 608851 704377 750137 235649 835800 523495 893654 694206 985458 224405 998240 868291 869484 469004 180775 965764 756316 475381 542590 295414 938533 540719 27302 497311 552488 252202 223805 928311 758743 951540 149063 883946 655917 899199 635946 8068 939045 529599 702274 924503 754004 216865 309145 139839 202220 6271 105603 958536 481651 164544 770301 420183 705262 797602 917493 257749 49803 657650 186060 808546 125541 851474 208843 297809 267024 844788 305877 206069 374387 524502 130571 644742 257718 956067 784580 459938 962337 890182 934825 443987 54725 705125 380521 276338 19078 814365 50439 68880 472014 752850 393777 113907 604323 602619 411715 871346 963759 233943 77414 338145 758444 724336 982886 532514 680402 767465 992451 642738 173999 443627 86724 745075 665103 467244 21413 684180 281609 588203 269411 269974 341052 663188 383880 945374 782158 795595 816719 262268 29537 410485 600412 304333 134820 99649 836846 815222 383466 345648 457959 557464 305626 61035 302538 970728 44630 840302 654907 842590 428504 924317 112564 285907 103856 12795 231280 402366 324741 564351 664633 870630 974835 265045 174962 626006 881045 528159 441227 264510 390158 415538 821973 695783 992924 640863 666510 37553 481164 837768 880143 426020 762084 509058 711926 865940 38204 459558 268305 362945 540260 932937 233574 515094 714333 924887 657451 595378 969397 98678 376239 875906 30567 198212 88040 539842 839074 754549 577394 836589 108668 973888 778960 870751 482945 7238 253042 521149 983147 521346 400445 523406 970635 150370 554851 201319 591608 212301 313048 561004 827330 689287 953261 374248 403850 41300 914089 759275 312200 491483 112215 420867 981722 891175 291617 464667 414764 61011 502167 397910 98708 418963 921315 69342 569332 992517 787013 160939 204817 616412 238294 32147 305698 191554 922746 225899 749205 836835 985173 61404 844669 97388 998622 826390 504914 806590 807408 919677 867600 825926 317586 966308 244888 755252 552001 814219 747768 855365 491509 952584 471777 729802 501082 293826 437707 423828 519725 186911 777014 504897 764666 621682 118636 763287 964423 623549 86229 288183 543225 953828 114108 377162 920135 358996 132413 988488 689566 880180 843852 181075 349116 315628 427228 366549 609454 381287 306728 645530 84549 83741 666778 849215 221774 785414 128853 702549 925314 215081 990731 984891 685261 104838 362052 121747 980185 10817 110234 186103 407348
11 1859
28 508 731 211 112 125 187 244 80 408 354
690 559821
283650 347123 423620 530668 462944 172087 492572 401649 188133 481904 249251 387087 66030 379789 486532 373890 518490 174859 152097 60166 70448 247205 545650 80507 108978 200635 557890 238872 444271 480989 220041 444263 532011 522959 14963 219461 99932 179470 78830 196625 314501 483427 487193 63787 458474 80319 493512 99909 144550 292535 328998 467103 38624 427253 276171 557768 479309 339166 470823 222620 219746 331926 158435 90814 56040 375641 557317 447475 67249 26266 184688 310494 251969 115558 166510 499651 346641 48886 294265 68550 27684 147033 113099 36858 458270 369715 549884 427012 485376 430964 195056 466926 115545 308290 407722 23928 503337 273104 3480 537823 293608 88998 158169 220005 545895 307199 123040 406938 218411 447699 328318 537248 548256 451373 358790 220654 228824 473697 240979 369418 433078 292451 493760 468630 523390 261291 330831 185831 280834 516309 389796 183488 41071 230820 47251 186918 373990 21350 138268 219005 326165 333350 96434 165822 511351 266212 180031 305003 448100 528917 29151 337201 254935 136197 9935 61824 479501 368070 384412 255857 244317 421549 495253 494626 249148 497977 260544 339024 263854 299871 558946 318391 257995 422793 59784 345784 246870 92892 550320 152847 65271 493945 89122 244852 393311 9496 201990 201821 220797 223249 510935 479358 518749 233656 429574 314964 531332 483502 134093 22793 364762 440575 161124 455011 36429 190398 303286 254146 310673 463384 435360 41011 77917 117417 466083 311994 267283 68856 458392 280792 86120 447004 11561 357828 67718 375836 252619 241426 198212 19217 526790 175404 290580 176975 204560 1142 455793 251531 278982 439886 47890 107535 219742 549774 126437 432228 296578 73288 230681 32029 126163 452283 241747 467297 52217 447240 312616 548254 141881 406973 27198 111719 334725 455565 76317 459885 453695 150104 144080 1929 503178 74440 269236 494613 72625 154577 324827 292558 203972 199743 152878 315765 459476 114221 384958 460604 119427 397641 511926 507185 469002 201031 533141 28242 160481 225094 440393 91186 163404 279024 189858 522751 455489 132565 537733 503781 318069 294195 495087 45384 544858 385086 539111 397508 68851 493788 124459 45690 363379 101427 475996 71398 387450 501807 372903 417940 106914 214032 180453 9386 336568 5912 327566 380348 390306 346275 220174 325659 239245 92523 257825 199767 160270 449664 104330 64565 356788 549108 92717 309624 106124 556338 553909 360073 547699 531006 424261 355259 415271 350106 333325 190106 144655 409715 220562 61844 162311 320945 43598 418727 323757 412788 538469 433653 209711 30900 226493 202536 12118 213051 60716 445595 47030 265554 112341 119244 81194 405233 253569 470796 175801 66766 65204 350144 301824 234993 277103 389273 65872 282713 191746 537023 305710 58014 490961 227892 119931 355844 346575 33749 80459 339815 213546 212693 433383 38385 249325 76393 154587 370488 301507 112581 101551 499100 291044 70288 335094 167850 22572 341261 263243 37721 99216 298529 507601 472152 514434 265621 172369 110514 20709 238059 478625 267366 87665 141093 184175 241621 2049 425723 2180 318841 67621 449303 231502 11564 371684 230803 330996 100343 458364 310266 340075 499658 301913 242697 404788 444420 321761 540601 332936 490967 249552 213176 334009 436778 369959 249341 317122 398694 10047 379364 108447 531577 185929 310570 521435 259945 527788 340355 491271 258309 325286 494547 93412 430738 341408 10711 522735 22084 227924 218557 340815 209673 234533 542726 43512 17094 455085 339612 312948 391968 33028 244055 446720 558675 226466 267259 521196 37084 357995 532620 164281 361606 415736 360052 516219 492196 375128 104807 256534 384017 257906 357283 526068 83823 872 174733 247826 56483 492100 304551 489531 64730 115399 450840 126332 500032 265727 112817 65195 512787 146911 376329 490349 26675 170025 329015 533553 126739 285203 522394 306251 415166 224723 387733 466408 488418 421421 359184 170543 162176 330512 213245 274618 226884 254110 318196 129078 101346 138400 89021 41327 433485 295965 127590 552632 210273 155030 130242 331894 132808 339642 245317 137025 254813 60161 301996 339258 96874 232251 104734 189328 320575 169512 286717 37427 339777 470698 21993 405239 119547 522098 497992 363193 414296 2502 396413 220206 310475 496029 340071 196440 228985 382845 28810 101452 250197 52635 104027 104253 514127 48468 412905 518810 452906 27806 401381 28485 255267 145525 66304 315502 69472 112121 66061 535888 225812 35710 557641 512569 304881 268774 172732 346766 234157 442399 349545 493053 14171 524110 303960 183982 399549 489370 135559 242627 13926 110153 393994 7187 37070 459909 329137 294091 440271 550434 307850 395535 317190 305675 128856 399338 236061 532137 93736 299276 229307 203029 56642
12 822543
380773 280884 344405 666751 229907 300814 60030 439594 545548 218511 738277 927424
12 1124
356 934 195 736 323 205 769 434 510 81 659 977
3 683
179 254 350
13 843371
443476 342127 284542 654283 375950 854211 35055 173185 714967 701805 403092 15780 278187
13 459143
937584 63929 330402 842939 252957 429090 360734 573562 187201 256242 112835 988138 577920
8 1309995
753266 305218 600185 882534 222256 207011 810816 702998
18 2043
409 740 164 311 817 303 349 895 628 67 827 798 521 423 383 801 416 755
9 1191957
654054 291934 365657 630582 931522 414600 720295 101475 31781
17 1760
17 537 660 884 584 814 696 256 929 209 437 861 424 87 816 670 146
3 444
148 148 147
10 29
20 13 19 14 13 12 17 19 11 17
15 27
19 13 14 20 13 16 18 10 15 14 14 18 13 14 14
7 1571096
817061 79205 871363 493918 54611 148096 807195
20 26
20 14 10 16 16 16 20 20 13 12 16 20 12 19 17 16 11 18 12 17
18 1664
217 654 958 25 757 911 932 226 100 458 836 554 403 354 381 390 658 682
10 1662199
389390 897831 182295 842989 815801 10876 974981 408826 223432 272551
7 100
11 34 83 47 59 29 70
19 1293
165 920 962 560 922 864 802 333 49 764 749 613 234 248 388 518 223 350 46
10 136802
305939 945893 200899 734210 917851 125578 613736 408602 27844 929407
7 1677659
222574 501266 180238 796136 688467 436479 425322
11 962057
733572 4017 247118 232173 860742 436785 358464 219529 599857 756937 360494
11 1344
320 837 800 551 725 140 39 727 974 367 580
12 40
16 13 16 10 15 14 13 18 19 14 20 12
13 478015
399822 218573 129470 363354 286302 549702 856905 51164 946933 261793 647770 691646 867733
10 26
18 18 18 17 11 18 11 11 11 19
14 1770130
496697 97314 5103 834773 165756 733637 389187 947905 551808 436796 590527 871655 237636 977163
20 34
14 12 15 13 20 20 18 18 17 16 14 11 16 15 13 19 13 15 17 10
15 1696
858 534 196 547 849 201 911 719 246 234 167 39 923 537 469
10 11
13 13 13 13 13 13 13 13 13 13
6 2000000
1 200000 400000 600000 800000 1000000
18 23
15 18 18 20 14 17 20 13 14 13 15 18 14 13 15 11 19 11
2 2000000
1 80
18 1169
597 678 470 859 397 67 92 915 105 14 804 574 958 59 593 840 905 413
3 443
144 244 203
13 1288234
406344 744486 34967 339396 12170 263896 240336 662501 229901 650931 305531 708882 444823
12 1280853
711252 512269 223653 309454 247788 782870 316006 346442 716496 663219 78394 871811
7 345475
517795 804254 758112 379157 539274 284586 321679
3 330
227 337 179
14 1199988
727978 930494 106563 732571 603443 867051 81160 554669 193718 723897 837681 735387 134297 864562
19 1222
104 399 205 798 953 173 780 925 262 35 289 670 127 453 980 295 107 681 189
10 24
10 10 10 15 12 12 11 16 16 15
49 1508653
898139 898323 898507 898691 898875 899059 899243 899427 899611 899795 899979 900163 900347 900531 900715 900899 901083 901267 901451 901635 901819 902003 902187 902371 902555 902739 902923 903107 903291 903475 903659 903843 904027 904211 904395 904579 904763 904947 905131 905315 905499 905683 905867 906051 906235 906419 906603 906787 906971
9 1296496
653510 320654 960717 102079 54837 113978 111696 827856 964012
18 1479
422 589 866 289 641 653 709 173 690 964 654 13 871 46 972 449 441 689
10 1670402
354640 807834 928537 670645 670627 161384 850215 749021 549547 130872
13 30
13 16 15 18 16 12 10 18 11 19 15 12 20
20 2024
337 143 48 424 440 48 356 54 179 701 285 749 133 593 22 638 204 449 322 657
20 2
100038 341387 1 2587 250478 946319 598926 162488 719404 902855 781898 521946 940391 544161 1 107199 543313 754130 320539 146548
10 40
10 18 12 16 18 11 15 13 18 15
20 1627
75 427 287 581 483 730 579 361 454 29 459 786 978 516 701 788 421 532 37 255
15 1456
300 515 485 873 666 812 286 69 12 646 403 996 659 672 863
8 491573
169867 385979 668246 937824 911920 971959 924680 363175
8 1690673
884461 734927 711545 927631 498985 509133 931845 206779
12 1814189
247062 774735 769627 432672 440058 393280 209688 244735 642129 782332 865524 603215
95 1496692
997560 990797 985875 963428 959386 943494 926515 919226 917926 912147 896349 876792 876596 875486 869248 844384 844134 817734 806644 775320 772987 765596 762467 758506 741809 728004 713569 671497 649184 648519 646800 644567 625715 608634 601589 586078 572317 571244 550389 544244 538230 522285 490727 483114 476440 469812 465654 422170 413558 391111 377888 355974 335104 334861 330223 320970 289296 279505 248148 243752 236221 233354 226145 206019 196682 194964 194430 165353 158884 153853 149680 146958 141308 138811 134099 132354 118586 114837 87466 87232 71419 68843 61606 61485 56741 53359 47537 37740 23752 20871 15814 11136 8248 6628 4679
8 1327404
599714 907174 978388 4594 672949 244136 348590 434875
10 1166
735 298 649 581 262 131 994 232 571 432
6 10
1 2 5 8 9 11
9 1762263
42712 759229 637402 551114 436822 241806 751558 60505 919960
12 2093
678 621 282 11 708 302 396 78 71 913 393 214
7 913140
631031 697815 607165 532237 769483 148254 191507
8 44695
823248 817218 646368 155915 301231 531426 922016 528835
13 39
15 19 13 12 13 13 19 15 11 11 13 14 18
9 347583
227239 143564 457552 81851 735520 42866 490200 582303 933626
48 968840
28706 178043 455895 203081 268912 410110 143723 208649 210901 41128 366016 29222 267480 455172 238422 99762 144054 389191 289312 88628 262450 123962 332470 477551 425982 428408 153690 454861 462313 168682 449670 310363 23222 293647 229362 136591 274530 449204 359231 179079 279549 303777 484420 442168 221408 119695 367492 190174
10 1636786
436089 786142 185345 174696 993152 512512 877694 819203 861682 217293
1000 2000000
6 2 1 4 1 2 3 3 1 6 4 2 6 3 5 2 5 1 2 6 2 1 3 2 6 5 4 2 4 3 6 3 5 4 1 3 5 1 3 5 6 4 1 3 1 3 3 5 3 4 2 4 2 5 3 1 1 5 6 4 1 5 5 3 2 5 5 1 5 5 3 2 3 1 5 3 3 1 5 3 2 5 4 3 3 5 1 1 3 6 4 1 5 2 4 4 4 6 4 6 5 5 2 5 5 6 1 6 4 3 2 5 1 4 5 1 2 5 1 2 2 5 2 4 4 3 2 2 1 3 1 3 1 2 1 4 5 1 3 2 1 2 4 2 5 2 2 4 6 3 5 2 5 1 5 2 1 4 3 1 1 2 3 5 3 3 2 2 1 2 1 2 4 5 1 6 6 6 4 4 2 6 3 6 4 5 6 5 3 6 3 1 1 6 3 4 6 5 3 5 4 1 4 5 5 4 5 3 3 6 4 3 5 6 6 3 2 5 5 2 5 1 6 3 6 3 4 4 5 6 2 2 1 5 1 3 6 3 3 2 6 6 4 4 3 2 4 3 6 2 4 2 1 4 5 4 4 2 1 2 6 6 3 4 4 1 4 1 3 1 3 2 4 4 4 1 3 5 3 3 5 4 2 5 5 4 2 2 4 1 3 1 6 4 2 2 4 5 2 1 5 2 6 1 4 3 1 6 2 1 6 6 4 6 2 3 3 3 4 4 1 1 4 1 2 3 6 5 2 5 3 4 1 3 4 2 3 2 1 2 2 5 1 6 4 6 2 4 1 5 2 1 3 3 5 4 6 4 1 5 1 3 6 5 5 4 6 2 5 4 3 1 2 2 4 5 1 5 1 1 1 2 6 2 2 4 5 5 6 5 3 6 6 3 4 4 4 1 3 6 4 6 4 6 5 1 2 3 5 2 2 4 1 1 5 1 2 1 5 1 4 6 4 3 6 5 6 3 5 3 6 1 6 4 4 2 4 5 4 1 5 3 4 3 3 2 3 3 2 6 1 5 5 5 1 2 1 5 2 6 5 1 6 2 4 3 3 6 5 4 6 1 1 1 4 1 6 4 3 5 3 4 2 1 6 6 6 6 4 1 5 2 2 2 1 3 2 3 2 5 1 5 5 5 5 6 5 4 4 2 1 6 3 2 5 2 1 4 5 5 5 2 4 4 3 5 6 3 5 2 1 3 4 3 1 3 3 6 4 4 5 4 3 5 3 5 6 4 1 2 2 3 3 3 6 4 5 5 6 4 4 4 4 2 6 5 2 6 2 3 3 4 5 4 2 1 6 5 4 6 6 3 6 3 4 5 6 2 2 3 3 3 6 1 2 3 3 1 3 4 2 5 1 6 6 2 4 6 6 6 5 3 6 5 5 3 1 2 5 6 4 5 1 1 5 2 4 1 1 4 2 2 2 2 1 2 1 2 1 6 1 3 3 5 5 5 1 4 5 3 3 2 2 1 1 4 3 2 3 3 5 4 4 4 4 2 5 4 1 3 2 6 4 2 4 6 6 4 3 4 5 4 4 4 4 2 1 4 3 3 4 1 5 5 4 2 4 1 5 5 1 6 2 2 1 5 2 5 6 2 6 4 5 1 1 1 2 6 2 4 6 6 2 4 2 4 5 6 4 2 2 2 5 3 4 6 5 3 2 4 4 1 6 1 2 4 5 3 3 6 5 3 3 4 4 5 1 1 2 2 2 3 4 4 3 5 1 1 1 2 4 4 3 3 2 2 5 6 2 1 4 6 1 6 4 5 2 2 3 1 4 4 3 1 5 5 5 6 5 3 1 1 6 1 1 6 2 5 5 4 4 2 1 4 6 2 6 5 4 2 6 1 3 6 5 2 3 3 1 5 5 5 5 2 6 4 1 1 6 4 2 3 3 1 5 6 2 4 5 5 4 2 3 4 1 1 3 1 1 1 6 3 6 2 5 5 5 3 3 3 4 3 5 1 3 3 6 4 5 2 1 6 3 1 3 2 6 6 6 6 4 5 3 3 5 5 5 1 5 2 3 3 2 2 3 4 2 6 5 4 2 3 3 2 2 4 1 1 1 1 6 4 3 6 1 5 2 5 6 5 4 6 1 3 5 1 6 1 6 3 2 5 3 5 5 4 6 3 4 6 1 2 3 4 5 1 6 5 4 3 3 5 3 3 2 1 3 5 5 6 1 1 3 2 3 1 5 2 3 1 5 4 2 5 5 4 6 4 2 1 5 4 5 1 6 4 5 6 1 4
40 1012341
272878 272714 272550 272386 272222 272058 271894 271730 271566 271402 271238 271074 270910 270746 270582 270418 270254 270090 269926 269762 269598 269434 269270 269106 268942 268778 268614 268450 268286 268122 267958 267794 267630 267466 267302 267138 266974 266810 266646 266482
12 1667137
884463 684733 552862 612440 615226 659424 345011 735020 526474 942522 289689 236543
3 403
314 160 119
11 1672
634 101 518 904 148 607 585 861 850 916 441
30 127
6 8 8 7 85 2 8 4 1 8 1 2 4 5 6 4 2 4 5 2 3 9 9 3 6 6 5 2 42 8
12 1464479
189668 609940 842435 646720 882122 140966 361188 186802 506306 310233 810157 247111
10 26
17 20 17 16 13 20 10 18 18 15
13 1315030
546184 224177 658509 767957 9590 787361 470505 451255 518794 461235 436145 204054 82425
14 1885808
22310 584688 335961 366815 569797 945628 606413 315688 588774 260467 607622 470782 407400 55495
7 854595
373207 454002 39474 295222 499188 599520 440889
16 1815
918 867 87 51 395 184 482 460 21 659 189 45 355 88 394 59
10 1507513
937248 401619 828581 131993 593025 696205 781218 252587 201255 611913
11 837583
585315 891998 846784 890761 857014 116947 188987 753874 110240 209788 407123
13 28
13 20 18 10 20 14 13 15 12 19 17 15 14
8 309872
99594 970977 837962 319350 485510 354465 860351 529118
8 1739059
968354 678394 675055 867624 132874 659563 988699 830695
81 31
16 17 16 18 15 17 20 19 19 19 18 18 20 16 18 18 19 19 16 16 16 17 18 19 16 18 17 20 19 19 20 18 19 16 15 19 16 18 18 20 15 19 17 18 15 18 15 19 17 20 19 16 20 20 20 16 17 17 19 19 19 18 16 17 17 15 16 19 16 17 18 16 15 19 19 19 16 17 16 18 15
14 942669
443057 834407 700944 44338 123088 380614 450681 867573 415581 306429 396094 195828 546764 58595
17 25
11 19 15 18 10 10 15 12 13 16 18 17 16 12 15 19 14
3 45
10 20 30
15 1579
541 626 717 617 351 804 825 818 422 796 230 120 812 767 131
12 14530
75977 705769 125241 64264 227814 3010 301614 172680 562073 60842 810081 113187
10 1413448
261444 848138 182299 284017 711167 922390 261019 497947 234328 156106
2 2000000
822180 976691
860 9996
934678 728429 243735 58513 854189 232916 801674 692743 48420 995115 160648 366321 203020 386642 333678 209287 761962 688674 522106 261279 268486 653978 330940 792417 172774 551278 150896 144469 94945 7217 47489 29622 251998 291223 604487 106186 524138 406160 315280 88910 917626 475927 455230 636998 378920 788908 846284 140881 993933 884741 918511 778770 55070 765803 571187 227844 317080 238434 372312 412025 245650 419800 957998 13999 227375 78836 120184 751512 1348 951815 356773 435325 944094 812003 72322 839365 600910 918606 980246 594842 319698 415108 373611 891120 180910 461149 118963 14342 699582 7626 426366 461584 943777 900715 475582 171151 979551 112118 439015 980898 580284 795787 416222 524377 607789 488544 880094 725050 923501 376691 836243 759550 791798 726206 650669 489060 703706 285983 503401 403288 809960 446118 381223 753737 346832 856804 441239 326382 485273 396605 823631 65557 192392 756205 106285 316532 244748 986378 557934 684600 363068 910528 960501 671218 636733 611170 160277 340439 413504 180029 260078 223464 626146 641300 493552 489329 14455 451142 332063 499728 847747 155693 565284 556490 911897 187920 389373 672996 174298 947306 873947 53717 857834 834448 724934 10918 961969 401562 867708 375472 581590 644137 115287 724087 285436 125190 213416 299891 576332 61830 315970 424078 217522 397605 496919 645771 585524 886291 835118 276173 349949 225417 846242 724134 576216 571175 735051 538184 489089 119111 430007 587030 763247 545294 311117 48683 186835 40884 864925 763166 619065 697246 703595 836586 94850 200513 998708 196725 86804 350178 472898 436752 575594 319139 160885 151809 406665 412287 206344 895753 531397 636350 999135 810996 697995 310251 376030 884830 867486 757306 164347 486550 454551 867942 839487 549400 68454 354547 262476 671609 221076 735373 624712 796669 570863 785596 464829 493880 714235 187524 905984 761983 823873 905118 572978 38220 731720 465359 439401 115557 222664 603747 118458 677214 988040 957945 742965 56494 828843 5441 244454 49918 257165 869166 362938 344380 171113 344118 838259 401699 531641 744242 163682 871865 165712 253011 910084 897431 718370 865836 12988 457385 985935 131445 134599 973974 605741 393915 546819 950935 399355 791273 517204 656520 660438 880141 899 347902 224258 355509 749601 755898 616102 429634 144115 781813 682644 54198 195596 917365 436386 724935 374750 422320 372731 25700 396293 494824 419614 943112 445758 335321 250736 962962 508192 427525 843102 25442 775426 583712 380950 525026 855961 997051 954659 75 295216 153655 570625 490811 587371 7010 732097 478472 945681 104827 20523 341973 599650 440137 801436 45408 291809 52171 524721 800000 996047 884174 825441 771473 467885 722742 812850 840198 236144 283861 356624 531359 437515 443600 538521 541237 450609 270617 19709 396289 891796 40231 254614 491445 996719 572401 53204 288527 140924 577924 604878 136970 462098 430318 908442 446334 153059 721292 802883 389203 521504 159507 436913 959018 603106 491786 500254 570067 762402 36314 482707 654197 592897 253672 661994 589615 826073 715197 394494 966996 293121 999371 620317 271570 429689 528759 234255 99099 766402 37138 4653 287905 712996 441566 763274 832453 933351 779879 402519 212104 332545 401578 382653 925441 655249 44646 515055 997673 276194 425900 481020 85666 425271 101337 357235 371311 146447 107842 470409 429200 144979 991414 233456 374326 949331 996729 206778 882681 292959 125649 611136 625503 43578 993788 67295 698826 554785 582350 212851 830979 8249 693870 916644 949871 311558 790231 321181 458004 898072 307942 887203 559402 815707 120658 933727 765037 633738 656856 647717 443049 782504 775204 584903 826081 768992 652198 41259 840128 750899 770461 671106 275499 464330 104102 225370 775888 894332 62902 750243 792403 370843 637446 351804 186549 274455 801882 951585 424545 458737 115653 867593 757593 407209 452495 100025 692552 104692 141283 532679 855590 911743 720137 131089 892425 824238 872810 184664 234921 935711 934906 27323 822906 88703 895478 525806 879510 213711 993743 304054 672447 625747 171646 430039 32955 140492 46416 725506 245184 187698 258185 617125 615793 978321 264565 24569 318910 137374 209232 553830 589437 660489 97504 412342 265544 509333 454499 145053 723043 448241 449106 911841 73988 137103 858232 623294 277594 904647 348800 39129 608696 123336 656254 224488 618008 437170 765408 936917 574544 490991 7098 680332 151480 620953 609025 417023 130285 63523 562075 853327 511764 527532 281519 102103 664634 139750 725396 942227 44396 74195 981356 653092 197530 153961 393931 815537 591130 159339 268805 682025 650329 275902 362356 318160 896854 971380 251534 543490 34903 329960 913168 63018 857491 194687 681472 522124 334436 406867 464351 378832 997414 962058 31923 711295 116018 425853 43184 707147 101543 828340 389172 751872 620594 267879 586383 517447 755611 837917 577289 306865 167876 490456 369882 25367 685142 567705 63842 535930 490923 528192 914761 488336 490249 463035 715983 122618 888887 275518 829765 990430 103857 735288 258653 724450 519518 361387 758249 275128 199303 335537 581992 883531 342344 468225 425249 27486 35929 489090 79767 526852 533634 994527 531539 540234 457561 763873 662852 862799 39390 492616 369580 143247 744255 144584 867696 263772 505971 142296 55252 221625 477832 153595 105155 820176 621820 530403 364013 174100 19493 443779 217303 553126 954657 265194 609711 928569 29066 272562 791367 68456 281529 677299 211702 25783 821882 595749 805907 844204 738045 377510 65829 732228 531104 170983 68755 152923 217738 432767 843375 753582 392897 60677 823059 347553 325870 432769 792473 354936 705331 583840 939743 986859 777490 667796 528994 599371 263544 851252 443575 517940 228761 25755 250168 759864 713089 318922 429139 930826 268041 272513 200759 660937 849541 23817 524842 175411 972938 317314 46698 678268 417505 986440 181478 194994 654235 226823 310717 434130 78074 270643 952070 823186 296397 718589 583050
20 507040
101040 873458 998674 511362 30393 476647 125837 476915 738504 848525 797124 268734 437240 131641 852406 265932 763363 314913 357952 574876
8 195426
936990 111953 593199 591272 487902 963762 142678 661086
11 36
15 20 15 12 14 17 12 14 17 10 17
11 1435
556 470 837 175 611 103 946 167 827 635 953
20 1682
312 873 468 346 303 759 521 337 846 965 131 62 970 441 439 726 351 370 303 802
68 1350020
1000000 1000000 1000000 1000000 1000000 1000000 1000000 1000000 1000000 1000000 1000000 1000000 1000000 1000000 1000000 1000000 1000000 1000000 1000000 1000000 1000000 1000000 1000000 1000000 1000000 1000000 1000000 1000000 1000000 1000000 1000000 1000000 1000000 1000000 1000000 1000000 1000000 1000000 1000000 1000000 1000000 1000000 1000000 1000000 1000000 1000000 1000000 1000000 1000000 1000000 1000000 1000000 1000000 1000000 1000000 1000000 1000000 1000000 1000000 1000000 1000000 1000000 1000000 1000000 1000000 1000000 1000000 1000000
7 1042068
272815 269713 310756 639364 395518 208394 946091
14 1488
247 707 362 190 396 449 155 77 374 87 857 467 267 972
3 499
371 158 350
10 655526
228930 384588 133980 449654 410596 643030 962629 277541 466338 186609
7 132868
870775 117979 405862 242265 286862 241713 555429
22 1030409
11 13755 15 13763 27 13779 47 13803 75 13835 111 13875 155 13923 207 13979 267 14043 335 14115 411 14195
14 1303
815 579 906 92 179 715 599 546 336 224 395 651 551 891
29 840526
942424 594178 916327 133986 550652 740716 59779 995890 413022 31054 216428 663593 326795 670453 27197 724229 97212 217500 204901 818418 210393 208663 758657 475936 813328 230622 310901 585840 884860
8 1660279
752062 712758 104384 344753 579470 666507 277996 13698
18 2000000
998294 324173 971033 768409 341410 659740 424373 736562 596995 531421 20848 587578 892007 1000000 1000000 245912 412744 418180
758 1007038
204236 6278 345483 265218 710062 327763 515680 144543 967388 974844 903664 587069 726495 381804 126612 625482 396191 598117 653064 933909 77453 625887 847048 368780 280251 725484 943671 482835 200318 631413 650614 920905 637690 512448 186122 347751 840210 218153 8645 323949 709348 912308 427369 952194 294111 553980 577675 206654 668448 230739 140562 745900 372977 503962 631031 653227 229445 574702 652413 946114 722466 819378 867018 876507 331825 569491 740609 688386 303996 749254 12334 13343 177913 956054 481889 472024 510034 59563 195029 178481 806653 335590 440733 179629 355903 71763 349207 585348 162816 1619 47813 885281 820996 914831 761787 669172 673 18748 357557 304668 768001 886242 834363 462265 842296 316251 450640 868681 892165 645668 563513 215170 497610 4245 911150 853512 76008 260357 955211 238823 778327 3024 124104 599323 434206 402242 268494 434878 937341 142403 739546 705341 544996 90260 683958 387291 922862 134597 772323 331378 780265 335836 546547 277874 340080 457697 647737 416087 234405 119300 171262 12731 122323 811717 612053 72880 213958 396899 507757 151299 539301 763654 372991 84296 370265 56948 987939 293126 191545 760261 624504 488161 612448 687402 766034 952528 145098 930122 884966 379502 49421 56227 392233 688095 867943 520637 760974 598253 433887 268731 265903 973187 548736 155245 573835 919001 728545 78125 728478 436441 354737 352981 924601 967185 40383 206986 436064 701832 137107 321029 597686 702880 893608 506270 390974 277902 543258 151948 392506 977145 937030 658408 950331 2117 330005 40517 437469 58549 634993 165947 494989 989730 518927 935941 473266 75661 659278 909329 293845 312736 746709 891530 15615 640316 914151 406589 434570 457408 74888 827075 434552 528269 485483 901235 46737 815487 941751 484206 390387 93096 650152 401727 82825 685430 337667 556090 277443 996944 465418 571287 309679 728478 979168 841646 368794 893318 764586 319715 350725 839473 146789 785277 884093 148623 686511 930829 480461 144613 931386 870847 237708 581537 788925 836884 266967 126591 909325 60761 639886 891094 632047 949565 619572 127566 791210 504717 20883 72147 824431 371607 911619 971219 673235 312063 636194 876097 759243 116654 537062 690629 503853 291121 788517 292777 128005 571835 935720 37329 632595 575605 928423 780993 41521 64346 908558 349082 569062 929440 421228 393492 817399 849198 881062 6985 677612 33607 883082 436855 666613 936495 643835 686817 227615 432351 979593 355619 4186 431664 909300 636780 7269 354074 417773 565141 934771 326330 914223 503832 772122 851802 413675 589520 701000 811088 596504 378611 844695 995937 331817 27659 932431 975651 714475 160046 408002 210419 32016 412187 642083 457667 48966 165703 328092 983090 730843 262862 825772 161417 283045 597893 13219 696719 187412 714218 507807 300267 609180 868853 296204 940997 896511 744986 916647 610985 421383 324648 821403 969751 253186 979837 427417 818504 145539 271861 801593 876382 534722 627364 37798 817767 741608 567368 30837 929019 797937 54995 745638 407117 923847 41841 864465 336709 303178 781111 464045 724561 622111 285448 694311 875296 265284 638079 693799 927175 909939 11744 803556 961013 155459 357705 295131 897067 441425 325967 342437 239361 380962 88074 646477 821160 646266 27293 157869 949444 808404 621913 190356 946866 423712 401018 338513 205348 39096 32312 132522 465387 560407 452429 426399 715865 326485 721529 129283 767909 563847 471720 7270 461160 76145 170098 282320 722411 197391 956540 188206 522146 578452 378561 469011 518516 779578 807523 723863 818673 356186 372736 800411 432944 341516 226809 665161 668000 464689 794443 435909 544888 782514 959530 6047 858659 645979 288366 581069 843369 244905 285626 881866 339709 664186 867228 374576 443763 674751 614790 778787 547288 987525 579198 980232 845392 322358 161744 513391 303399 472538 465651 848286 255052 425180 854332 630062 587511 659050 727482 430879 420306 13107 829097 276366 677292 696324 650941 637406 887426 782082 416192 434714 285958 995389 931297 131349 834099 609392 644740 137497 81929 626742 985782 336980 568274 356465 967041 155784 15514 210874 103014 952172 223980 932110 228537 901271 628434 395830 538676 515859 177911 471220 466924 463869 466608 914572 111569 817058 523963 756308 954554 605892 899402 940335 459223 467675 813152 942616 623458 345017 153489 726471 297188 377469 658581 42077 278739 803366 954258 333767 319224 648520 804986 302500 628740 787945 217071 740309 605003 741034 12968 559556 863277 912369 16243 322499 380043 829394 265114 3500 690762 418603 246323 987950 312423 904903 546378 107513 708268 500635 441279 543843 149154 762616 846342 294246 66913 579765 34554 671915 837150 47521 747822 700426 476242 280416 539276 856284 626161 320742 376136 316923 739344 138810 304872 51766 560064 367601 159278 268331 868235 116909 328525 533740 879524 691219 344337 462788 270983 378890 134702 108132 942763 398876 324909 419004 679291 864184 791639 305452 184925 684126 622374 440620 822935 443597 8737 382998 327549 684367 167680 712135 317627 12557 245874 713502 703775 106563 176290 974757 485452 310991 599240 944566 226218 440500 363569 905509 821035 671560 727312 522312 355685 866037 962931 694972 309633 488020 594321 637181 688738 762001 349315
10 34
14 13 15 11 11 14 16 11 17 20
10 122893
298227 896861 476942 504450 136897 210817 38026 485357 573468 34851
11 1678110
999808 649940 767279 555633 461513 266466 155152 902401 636645 595208 788178
30 1973755
929885 929884 929883 929882 929881 929880 929879 929878 929877 929876 929875 929874 929873 929872 929871 929870 929869 929868 929867 929866 929865 929864 929863 929862 929861 929860 929859 929858 929857 929856
1000 1785860
476611 189437 50443 250853 571750 744993 560097 197794 861407 751842 206319 719369 704537 178399 858083 685966 476065 733868 337500 86216 202162 547786 210825 19861 689998 100326 561111 339863 709729 220134 865078 186339 409570 915521 953544 981320 176865 513640 695465 554623 265481 901783 273991 486369 596533 648425 688687 588950 898644 26186 675165 100805 90323 402342 637017 780320 502667 198128 636535 212395 934613 17964 398734 860535 449836 352277 841854 143052 382268 53670 697675 164101 471805 488017 166821 68337 652794 855507 173638 67789 881692 848803 168594 972015 251144 321962 268686 753810 520089 421572 482557 971054 955888 881290 831588 922075 749918 189793 65127 132185 243462 279153 296285 715266 767169 979458 299955 936314 834964 473592 4103 233008 838746 689048 721374 89889 11009 990059 360051 47450 927983 842607 18503 400222 240248 850090 322296 990165 39882 387422 638701 283343 666574 451338 514961 950095 430795 814915 886408 265758 804858 890510 498765 643604 579557 220138 249844 106918 726549 609894 154367 170883 968852 172869 571104 725451 22958 893399 231967 579191 797173 870668 378885 463746 838357 893845 413840 269151 225111 816600 51260 29969 707109 66377 673572 803018 802866 923415 909935 45766 49661 64301 216648 534864 753521 304103 260315 292830 713854 492281 872020 511026 879300 250904 491123 717656 661101 421315 503158 886211 237914 554418 916179 945022 620794 106102 264391 423659 545869 174325 985777 111881 754977 202424 646744 508497 22879 423410 317678 736732 432043 189697 247757 311342 956953 738879 545350 618053 160193 48507 20615 398106 602924 936794 859480 740069 559247 640222 680080 621467 330899 665856 733347 85875 384631 896443 110724 407509 319852 428401 144240 268246 134450 908348 579588 91402 163579 641289 225806 840123 206147 246420 754581 325423 699565 614060 65491 258812 770633 261922 880278 101531 444129 129977 703758 828760 26419 814481 752620 862622 759233 413212 130868 893682 321559 226807 501435 1489 868095 727240 841612 74241 973660 596192 399663 673224 726603 981506 448387 497235 243427 845017 598766 203908 974993 302523 32667 517763 633355 301638 380384 392587 714849 511251 802621 552760 254409 304055 554248 122503 547647 395859 713096 521306 992050 629110 710881 718652 126967 159268 732239 886746 520636 331004 90653 495628 149878 123319 529742 299584 424956 910125 208522 656157 937728 11142 208916 708488 831549 763163 347343 895547 159022 60438 416852 151071 205899 644084 386075 332866 319703 118313 219611 840338 965668 310263 852317 631897 949933 382058 931480 891240 808535 656353 547396 262614 667495 756311 971101 15395 35826 318443 910941 194847 895232 844144 862269 101131 4579 764695 950348 324282 399359 169958 164619 365026 996572 16936 513274 462856 915345 961105 354095 723879 617458 417843 502844 801304 690505 473945 816698 726330 308739 243990 437528 203971 604485 299797 821453 609063 580843 771800 933344 980202 458109 614315 861579 971032 631250 374853 433887 62946 852309 787981 303177 469766 205823 806020 271069 896328 279964 604118 139009 588703 848107 576537 309025 968943 392685 130477 578006 973527 418628 27701 953728 393088 642015 331659 364119 789616 706511 798005 852562 558819 102337 155738 544937 824512 961757 816005 237191 758073 936475 376199 863127 300933 952735 172151 269876 345419 818979 847881 318946 753958 391933 789025 147045 33948 120683 511163 823563 343545 309167 192476 418716 927855 348213 963652 752366 826322 296008 989556 584394 232482 882107 963872 49767 834841 652374 319642 696612 471352 683874 531909 225309 75806 837285 888705 109753 957968 399867 449668 817864 225385 642143 752931 153239 506708 232934 905605 333029 45294 411512 433774 794127 293618 397645 843893 644811 50018 163534 857774 37721 847407 389682 779381 439565 226966 668085 65669 701285 67951 515336 35501 809687 673831 788431 962925 180538 537717 384881 513566 583010 312745 947339 377136 606362 861335 221029 767524 427704 384562 625297 465424 748321 14978 761156 704237 758296 429240 769905 975932 13542 801593 11432 823228 475423 799863 302504 172312 337579 203737 685877 436940 516481 149567 814075 639194 527253 35103 406718 954956 936017 548366 420379 200689 79696 181534 904925 837991 127125 191181 813922 657018 992773 825354 996597 984547 141568 299100 156858 995498 502836 359086 432437 19316 25004 762863 174862 552256 797966 581579 507211 250334 646296 443941 451022 725991 141826 872298 80333 785302 63478 894255 442319 56251 235960 438915 557149 893879 254367 230359 405728 273554 589444 354516 809222 130800 117378 984083 683055 915343 82013 706618 682028 728308 666910 133049 970651 325088 5346 50983 626741 68824 461589 69060 641426 213900 24326 714926 107778 795044 945284 29857 68598 534728 384372 394171 181879 501750 378253 381285 933444 460265 604254 131824 704924 271164 264872 675574 112603 786570 726557 739343 371745 704497 324754 13170 918397 865432 728095 542526 660475 189731 572383 245424 724458 473106 639594 422688 491207 17846 803972 941003 994462 408226 72826 215738 679389 854049 891311 308343 640618 134219 47685 12362 838716 888791 541883 273464 754222 786330 815989 931048 976060 904723 176472 216869 894181 332417 639556 385387 866615 443527 326389 377428 851752 915566 593165 47492 769615 828 872186 410232 651398 436223 938946 6465 325013 480828 279928 595586 783509 612269 526633 759568 33343 219456 492788 927523 551873 132343 312910 934839 92222 155650 312266 460325 71216 421783 507817 357182 422610 896354 283765 74007 332576 222710 596824 657588 219890 876751 253173 3398 5371 296158 279318 38714 515613 772105 966236 583837 420800 279145 518675 513021 951147 347293 489697 538714 769075 513865 895895 708036 410219 179659 298394 742794 918721 895217 400382 138610 288320 169906 142007 293690 466063 421324 332403 981676 709781 298639 81864 130580 94135 116891 159952 561633 464183 649648 100346 749609 163513 512592 973996 573731 208603 272389 316524 127323 167606 233257 265932 972277 403163 924290 265966 869225 861966 598369 367252 571746 413359 449116 702325 23845 82358 862276 585478 62892 28275 202175 812500 191787 714767 786495 765517 923369 575235 598393 567043 259192 831649 349326 231468 751163 273615 13786 620388 135580 128506 503991 223677 541864 469458 926001 565708 551815 304628 667537 614706 332903 869712 943557 41041 100830 730051 322910 540550 821638 437654 107592 80829 269302 973269 828649 20465 246883 842434 157204 898815 970939 661194 122491 512802 647004 564844 594861 198818 385823 778750 329876 235077 648461 273432 276118 749290 519835 115379 806191 341472 553032 913782 938652 338685 887050 767300 359149 650284 609733 32704 65450 580671 210250 704293 609824 857253 269136 204685 572422 654958 499786 902297 890035 148246 692081 682504 413887 211915 797882 736429 69738 350913 166562 8389 689597 53611 775689 565098 220246 385421 114153 802048 966092 840754 506340 92267 698006 775475 813303
12 701259
544820 810757 331179 95835 362746 133860 320106 210358 867431 324122 457475 615955
676 1514623
223440 878675 138051 372572 944421 3015 559128 191758 754953 72455 198746 31285 163979 123555 783969 265067 418443 53656 498614 665586 163906 257820 265575 615964 79141 377658 419718 452840 391703 379602 422312 131494 258276 76714 504065 202697 596081 63192 910806 351033 651999 625904 898669 815977 749458 682637 81043 684252 736293 96008 866190 416550 870179 131764 548865 949320 509421 968583 918511 417475 348184 857174 548969 606460 933888 569385 325508 46320 148929 236313 397352 800927 862216 296021 133255 611673 978657 214297 812277 231301 826657 678466 164202 696835 326581 713067 162506 352354 681649 597368 769828 29832 454542 318796 636291 388429 404533 961798 434748 553461 714463 348451 870739 576678 644471 3993 704703 139480 734641 516979 887132 561297 711796 51334 774484 38376 764400 453341 390729 962400 50709 676909 992231 505250 512056 144874 410030 916588 623023 361129 986400 337485 709579 857138 914163 870402 861130 618865 526233 595771 652195 929716 673419 363990 497401 964254 918717 778152 417595 309446 740551 984655 502706 249134 489904 14761 394007 416285 931349 17029 293765 917748 870866 519695 291238 785028 906448 152367 920244 432680 748137 88790 878748 421556 452779 376148 385809 371495 670652 319755 197292 411202 304409 699997 660335 310664 231110 570693 726948 162458 104074 20712 596557 974939 540407 887794 276318 446854 556513 712913 395886 304649 801702 790985 242556 254480 683484 144717 142326 354135 464471 855970 281689 768880 72318 942023 79543 303427 29068 322843 982236 133141 859906 95145 108079 400312 499290 900748 363518 55802 613660 275755 360451 415361 66739 119358 186192 750222 264074 328517 620709 728545 700838 902397 13776 773156 360771 609670 592934 389838 932512 91522 522978 792418 186666 147408 709081 685955 48155 588950 258109 661814 381056 134911 593526 447794 254268 779717 714368 518342 624586 851428 763238 325423 753824 777013 614930 114594 903034 724216 504432 835546 815737 543761 144315 518754 691169 369747 721060 255675 475049 979168 917489 856104 114078 511014 820250 884698 807083 50969 403039 431668 902396 682628 273442 172571 459640 888372 287164 879025 128939 307947 230922 461027 851708 891588 979780 542876 777687 700839 798550 252735 196359 232390 625190 310436 259756 961791 195133 583190 12759 114523 14857 431506 797150 288298 604076 773141 693021 407592 652166 338311 715538 883087 799337 567245 291027 779116 626472 68713 996307 941374 321447 192665 690115 462988 19452 466222 424779 730937 49411 953889 845459 64267 385395 158961 868917 505822 448453 78289 913413 616970 416600 628951 16409 215936 712547 307435 995052 339019 376147 991358 796744 697593 700374 486858 676932 719825 953080 101710 450761 2490 55599 812572 583109 440993 487884 968377 463166 936336 46665 376579 553306 979616 5529 569714 195552 234427 393500 706955 573445 769646 214664 370188 983590 915037 373398 660521 151213 842829 762231 118326 361670 817829 447249 944778 775173 935132 429506 238338 871467 992523 131268 941124 972138 653148 27189 684041 887575 420688 907347 977371 190333 122010 863911 173922 553398 237308 350795 704611 80136 113025 339288 441805 447205 786536 902935 738729 721667 332440 493418 109485 841314 141038 50609 329804 794185 594149 13844 681759 14837 921191 175482 721521 559552 39392 411795 112950 276699 762589 333912 873186 391965 673199 314990 355521 976086 734276 610601 697752 583068 620370 323588 424381 761407 890548 754184 555592 484697 284380 753702 15885 205570 929183 737405 765121 968574 149199 394422 761624 428139 728333 634809 336455 917883 466151 691975 893968 716778 818927 108071 299845 439297 431659 240578 200703 322206 511113 272646 806902 795492 26348 822786 517413 471882 76543 282534 956808 742093 193307 234783 686584 921640 869592 23038 355874 852094 715013 766194 568871 50291 874264 385068 489587 305922 625645 690290 144480 136757 962935 951381 448601 505634 290519 966013 493868 883413 764898 450675 625505 958205 685457 312088 396196 71400 335126 268421 439845 566490 34614 525068 616780 908878 910135 106367 731151 52131 313008 875630 705239 792294 343363 153839 297928 633881 636204 308147 517293 401101 758821 659149 875657 960629 971237 271852 548381 822714 540273 988225 905555 574886 513292 522334 115 939778 145052 731266 991908 974411 606895 213499 766705 466609 367337 580984 100489 3540 889130 134133 920993 164302 793282 796649 124930 280870 584853 673310 103583 641477 177887 525489 732714 207530 564174 732829 147308 225578 980446 655567 199988 103692 869065 483044 570301 752754 64027 670789 272645 469508 321274 193637 150161 630907 506638 275091 911776 91490 464752 531710 732966 158990 57198 465679 366520 621371 714859
8 1971532
64177 727212 639020 423214 804891 135716 520527 326345
10 299928
375467 687919 914276 485017 795542 918529 448778 938219 579615 160210
14 1173
154 612 75 685 101 430 618 296 517 941 500 286 726 361
502 1320127
111540 719865 994683 218102 412506 485791 219906 239849 85030 164471 466066 525529 44392 371574 346563 715951 615237 385226 587987 481273 348157 799310 307257 352528 393631 460789 41265 671983 326455 563980 446539 954347 800196 957573 688800 212702 443363 908705 452550 528392 589528 434967 570272 633919 322893 433186 866221 938129 818412 970559 419402 682920 286221 243010 551799 679851 703799 109415 351833 30253 673394 314723 984599 473589 272295 673399 202642 232009 98455 171543 760400 687982 606510 847023 838252 929402 796560 220824 867530 614971 191383 803283 814242 477603 46293 366040 673805 266443 475454 541989 813047 665199 373063 313998 655140 161709 503748 857781 393717 602202 29324 670468 806536 152185 517490 644787 81586 830401 381963 465467 445372 89697 785102 775965 567299 347746 658357 757455 614188 133810 815795 943586 315361 188857 257583 970500 350565 761330 828280 260633 879884 373955 931100 686419 42491 964941 847557 640428 795341 229519 105895 757064 319215 407348 533029 402865 755093 191385 676671 885632 841546 492465 829217 673258 681321 86800 643757 548237 848129 988389 808869 728012 878695 739968 930782 921186 704908 778339 561613 16601 524209 183859 773664 359776 591206 823044 762640 862650 14428 955663 748281 372326 448127 577498 561935 645800 180649 205692 194036 545129 194080 519257 789493 72774 259224 720274 510311 480484 14964 71924 497084 55525 255782 787099 415300 363340 610143 694291 225989 140922 649953 974270 29599 98080 68119 591534 260231 765119 797225 454266 310247 507656 973522 616091 580429 749098 852717 607092 745933 867680 679015 759368 439556 451148 546466 854855 814487 156608 549146 40476 297530 715450 531097 327128 329881 599215 918661 590111 880685 232237 560729 707283 739892 50602 323374 836673 799699 176090 443764 61983 560121 639130 821350 999677 90277 367816 854531 904764 40775 920028 461591 338304 151830 992687 181784 481710 108253 616796 71821 988937 365385 148901 696219 105276 199502 19592 458300 999201 712033 902063 61183 272154 57544 398885 271830 147821 766700 642712 568936 807474 79092 30526 662130 230921 539564 360265 228982 647816 977060 817154 153104 342444 966054 849322 964072 165556 385266 422371 681108 97298 840786 742290 885803 414681 141174 673984 562501 424225 316696 647788 748051 912139 194665 926532 659411 734228 286796 888392 382043 780207 705546 535146 639003 671599 900820 119426 837154 802437 541796 518261 899734 898933 776903 785537 313614 434428 975872 392466 375005 292567 40254 123055 721057 751270 49586 380467 485498 852733 268859 383892 632939 974404 435390 788293 646002 336209 907718 999508 138645 965866 517768 554730 381150 811022 856618 694763 761802 832490 603581 136806 641408 160186 259860 362465 911455 825797 259283 913304 678529 528141 297196 827819 502544 732585 616112 664898 585145 523829 664405 240141 489694 698524 794870 870844 25898 167840 81958 787699 516681 201890 924504 158088 362075 700715 36904 789882 526511 296187 703185 721391 340679 380 549209 843223 249316 165320 24472 834460 205501 205228 74600 695194 420103 385822 82389 446000 553661 680699 233698 586693 882588 674553 744780 761015 375267 298036 67248 418129 110574 770432 139519 451252 287164 205080 810826 52831 370399 835297 887291 92251 556876 478242 303797 976979 864063 386185 422978 934075 66883 173028 520767 465823 847580 781899 743189 739199 596286 810436 157327 706859 97219 813198 158110 900734 18277 968936 953565 905027 320584 840855 997278 877460
16 38
17 10 15 16 18 20 10 16 17 15 18 19 16 13 16 16
12 1271
609 281 555 69 301 565 609 345 271 696 738 329
11 1071926
892479 927228 799015 531000 979512 93721 155860 404830 758844 696066 976496
15 1492
11 97 479 801 774 452 434 136 511 88 531 940 158 443 333
15 1990
974 656 329 61 538 621 570 981 953 645 841 900 875 595 932
14 1933828
90383 321246 529076 406000 733329 353979 85882 775584 170991 731242 113407 805063 455806 838945
16 38
16 10 16 12 18 10 18 14 15 19 20 19 16 15 12 13
18 1183
494 89 666 416 122 45 787 840 472 274 658 863 346 75 642 936 67 770
630 678648
549780 588689 624463 272686 134268 94185 94985 639091 405477 650787 168129 88128 597667 342411 443307 411913 280759 150110 426972 134963 265093 399488 273545 632637 535677 47511 283585 489617 403631 543685 531977 146671 530650 55180 281181 637580 488727 483619 384858 559268 388576 397467 512319 178628 583663 598659 347957 666765 299818 495045 357932 75764 387043 539133 134611 192836 6649 574779 183400 282413 19755 37725 579085 663054 510519 388605 567848 68341 427905 7252 235341 452280 602998 400332 660875 413555 637776 74281 194040 615695 195029 323079 511387 157938 174396 453487 306815 105629 287006 160607 70658 559758 132052 95675 482397 159554 434223 6856 660758 76448 582686 129693 219031 507608 536982 390749 245489 328108 601179 564189 517526 390050 208383 528288 426006 319053 637884 291605 442741 415270 17890 112212 292902 73303 375717 24340 217483 359742 498066 332958 214424 660863 348599 508547 602807 396622 602620 244206 470265 136823 278316 579736 448892 405962 658768 548955 677813 17785 46384 835 235907 580225 176637 642107 561964 28982 149295 407517 168520 565438 135847 466148 529209 293790 15594 11883 204563 602441 288948 359595 395063 413726 515362 519918 433159 99792 485010 583946 495248 640430 459617 273720 485812 401919 353937 53497 491039 275017 376474 493195 406188 247347 199345 479303 666907 356481 287899 119380 250743 318697 664076 216539 440007 167261 590520 327357 14572 185736 114459 322167 279160 345867 330691 76028 11741 621598 637051 408431 244425 62823 225444 572522 229094 61143 202299 604367 563170 451436 459773 300024 16439 405103 218343 84179 658893 165509 607990 271131 149439 94702 79952 500020 632264 100005 46011 70908 417269 361977 88834 627799 402821 52147 654308 491951 351291 106142 371833 602200 504252 330049 133490 326092 191143 290043 303048 212500 642271 135516 283644 312285 76207 461165 66871 513139 17773 110800 665435 490311 431301 404928 98423 522634 67742 654831 560738 282793 520710 578667 16499 301741 395004 407156 275827 352011 161919 364788 292012 434459 146176 134945 669210 547638 422234 589173 284559 611777 400322 266735 262196 251676 567263 439576 391642 276729 592224 256414 47164 118890 9438 91581 528538 541587 352340 360766 227212 411079 621332 278326 544380 139401 592087 378830 271492 669065 140600 290072 625151 333228 590642 352556 23817 122350 565322 229756 519094 193638 166329 440925 80981 589814 38218 419760 383009 378455 239072 394089 463378 474085 99563 226656 470962 171040 516729 375600 306957 289051 204649 324670 167422 324711 226855 295639 578643 610307 562197 144205 57050 170101 517443 282026 142971 550118 573019 529190 597158 86561 353978 462109 128530 543132 584463 9583 270217 218017 336237 258888 532472 300193 510128 453173 638311 205205 448391 252642 671792 122050 131023 617505 65931 19880 163286 566436 619548 484608 282948 238633 99981 13213 21601 113326 116684 496283 225743 544037 272460 131010 281470 530484 380592 288598 612717 359951 189031 326308 185453 54185 464224 623468 317882 426195 302174 674738 436708 615825 59100 669059 542801 226368 600356 57316 547625 522079 607740 460631 545158 161205 225475 671999 62953 657047 502011 81490 41597 145514 141666 605345 397178 75650 27861 183603 40337 451793 631137 196251 662149 376907 396235 416452 476349 453204 137061 79126 619032 434442 88006 182365 36377 156569 264922 147998 518041 375000 407032 103869 95908 189921 534443 252453 582740 441788 460305 587067 263378 218875 610906 8129 345690 302931 395700 355569 237223 345444 602884 604720 79989 50849 156014 273171 318906 414951 237723 188337 541825 117910 40872 529353 603889 578856 111385 149458 316671 332781 366363 662209 386636 582973 3910 75841 73928 113210 186697 509762 556598 41068 303648 676798 225161 503578 36541 449554 86424 511226 350540 385746 594469 572506 556298 261379 148164 78292 59616 272572 241940 98775 345420 538048 106126 378624 389700 397889 158730 187609 671396 89475 230257 271616 626501 238641 406076 313860 473999 39557 175070 267569 139515 263697 116451 452905 215270 244189 598696 168886 89959 492912 115478 631484 395855 40764 98912 487505 150360 207686 320716 128868 95962 533134 371691 473443 649666 670519 441425 539247 326637 1850 74759 333204 236860 180582 579873 389597 599522 161122 640923 543703 451992 546596 77469 9589 298056 440015
138 1022196
981697 599539 938693 580027 539910 937887 501338 658758 562443 820049 915100 886503 692616 531401 653144 838988 954171 735300 602057 700402 592122 929624 610135 969086 576458 769187 810167 583625 728017 690812 861877 730360 810999 800569 831034 871556 759103 832373 530313 842193 652421 945413 728696 865684 976815 881840 725318 951632 637787 827375 672680 750556 777646 803462 740288 874751 572648 550455 979024 821312 761914 840900 551672 572912 662116 882706 944468 941866 735725 995428 784058 888146 940841 533400 774477 938302 935888 999795 910580 594321 847817 603907 844877 625462 907369 585165 520859 980018 635620 999883 821976 897534 861430 873648 991094 523545 756354 956208 965411 992079 951636 770115 900872 913123 803516 675348 851424 739403 695789 782650 833724 543605 886557 699247 689714 793926 784412 710574 794590 940679 731103 616565 858860 592532 990214 849953 616077 767214 806160 602134 779939 778442 872250 680810 691564 675765 876805 563634
17 20
20 17 20 10 11 10 15 14 11 20 17 13 17 15 15 14 18
18 23
11 13 19 11 20 12 18 10 17 18 20 15 18 17 13 19 16 12
12 574373
156969 917162 835149 19268 87023 672154 979984 189101 243343 93961 817148 71198
14 35
11 13 12 16 18 10 18 17 10 18 12 10 15 10
39 1944366
652566 652570 652549 652546 652564 652568 652547 652576 652584 652553 652562 652558 652555 652565 652569 652563 652567 652556 652573 652578 652575 652561 652552 652582 652571 652572 652550 652574 652560 652554 652559 652581 652583 652580 652579 652557 652577 652551 652548
9 450201
351690 84859 81945 948396 623120 127605 847913 630173 959405
13 1839996
288525 244154 114061 412042 776390 399895 560295 484248 312825 865633 459689 121265 73516
42 1179804
1 1 1 1 1 1 1 1 1 1 1 1 1 1 1 1 1 1 1 1 1 1 1 1 1 1 1 1 1 1 1 1 1 1 1 1 1 1 1 1 1 1
7 1538724
369425 40824 110683 47161 891039 859703 596707
12 230223
493266 256668 333683 668050 704104 58299 288592 287650 828153 468758 609668 239599
14 734270
62395 206159 976528 123236 532592 89714 653602 617181 470809 244473 621730 129551 98418 932217
19 38
17 17 18 19 13 17 11 15 19 15 10 12 16 15 12 14 17 18 15
17 1260
556 40 960 578 44 366 571 991 630 645 769 269 578 251 998 508 963
13 1128222
756261 697300 315618 895732 824904 679882 525904 300661 645361 337824 634073 724565 725538
11 855507
294707 108509 425319 665124 540207 571667 796313 737369 734391 555704 507766
10 1615487
574473 126403 292252 840938 797906 194653 477583 393114 499182 671403
20 29
16 11 12 11 16 17 10 17 20 20 20 16 20 12 13 17 14 15 16 17
12 1155239
880477 650962 158868 168696 62803 774813 139672 417116 610514 625182 287933 470864
18 27
16 19 17 13 10 17 17 18 19 16 13 15 15 10 17 10 13 16
9 1237566
315671 211157 501043 630219 53308 80003 471935 522045 361418
16 28
11 19 19 11 16 10 18 18 13 16 11 10 19 14 13 10
11 1449446
614838 680811 646373 759392 770397 120222 519901 561198 521034 254828 789094
71 163964
33264 83341 883127 766544 531279 827022 925170 698007 983968 133049 810 140622 67750 370106 757814 36699 824692 806500 239459 583434 86623 631898 268719 213329 260320 224288 267878 998775 614295 619763 926835 241598 387709 951758 109571 924361 556676 825394 97340 80623 94705 493219 270347 457418 342279 103371 994499 48021 119443 394807 484489 857599 366236 636043 72873 507000 835497 146893 854564 960311 801377 827152 219671 772446 143446 750021 677922 866842 551276 709707 561893
10 34
11 12 11 16 12 13 16 10 13 12
4 2774
1385 1386 1387 1389
7 917860
638964 101087 842192 365104 508209 679600 129268
10 30
13 11 13 14 19 16 18 13 16 19
8 669583
975442 808440 691532 863760 48702 173547 934936 83310
11 35
17 18 12 14 17 15 19 15 13 18 11
8 1235399
576333 876027 150538 644492 312822 741064 32499 550457
11 1879
367 884 620 142 267 420 557 373 338 787 476
11 1246115
604724 181470 78469 421871 769020 652792 51467 888528 765776 265749 343997
20 1283
611 417 213 470 500 424 933 624 962 529 55 369 882 159 613 696 89 871 788 268
17 21
19 20 15 12 15 19 16 19 11 15 16 20 16 15 10 20 20
1000 2000000
946784 946784 946784 946784 946784 946784 946784 946784 946784 946784 946784 946784 946784 946784 946784 946784 946784 946784 946784 946784 946784 946784 946784 946784 946784 946784 946784 946784 946784 946784 946784 946784 946784 946784 946784 946784 946784 946784 946784 946784 946784 946784 946784 946784 946784 946784 946784 946784 946784 946784 946784 946784 946784 946784 946784 946784 946784 946784 946784 946784 946784 946784 946784 946784 946784 946784 946784 946784 946784 946784 946784 946784 946784 946784 946784 946784 946784 946784 946784 946784 946784 946784 946784 946784 946784 946784 946784 946784 946784 946784 946784 946784 946784 946784 946784 946784 946784 946784 946784 946784 946784 946784 946784 946784 946784 946784 946784 946784 946784 946784 946784 946784 946784 946784 946784 946784 946784 946784 946784 946784 946784 946784 946784 946784 946784 946784 946784 946784 946784 946784 946784 946784 946784 946784 946784 946784 946784 946784 946784 946784 946784 946784 946784 946784 946784 946784 946784 946784 946784 946784 946784 946784 946784 946784 946784 946784 946784 946784 946784 946784 946784 946784 946784 946784 946784 946784 946784 946784 946784 946784 946784 946784 946784 946784 946784 946784 946784 946784 946784 946784 946784 946784 946784 946784 946784 946784 946784 946784 946784 946784 946784 946784 946784 946784 946784 946784 946784 946784 946784 946784 946784 946784 946784 946784 946784 946784 946784 946784 946784 946784 946784 946784 946784 946784 946784 946784 946784 946784 946784 946784 946784 946784 946784 946784 946784 946784 946784 946784 946784 946784 946784 946784 946784 946784 946784 946784 946784 946784 946784 946784 946784 946784 946784 946784 946784 946784 946784 946784 946784 946784 946784 946784 946784 946784 946784 946784 946784 946784 946784 946784 946784 946784 946784 946784 946784 946784 946784 946784 946784 946784 946784 946784 946784 946784 946784 946784 946784 946784 946784 946784 946784 946784 946784 946784 946784 946784 946784 946784 946784 946784 946784 946784 946784 946784 946784 946784 946784 946784 946784 946784 946784 946784 946784 946784 946784 946784 946784 946784 946784 946784 946784 946784 946784 946784 946784 946784 946784 946784 946784 946784 946784 946784 946784 946784 946784 946784 946784 946784 946784 946784 946784 946784 946784 946784 946784 946784 946784 946784 946784 946784 946784 946784 946784 946784 946784 946784 946784 946784 946784 946784 946784 946784 946784 946784 946784 946784 946784 946784 946784 946784 946784 946784 946784 946784 946784 946784 946784 946784 946784 946784 946784 946784 946784 946784 946784 946784 946784 946784 946784 946784 946784 946784 946784 946784 946784 946784 946784 946784 946784 946784 946784 946784 946784 946784 946784 946784 946784 946784 946784 946784 946784 946784 946784 946784 946784 946784 946784 946784 946784 946784 946784 946784 946784 946784 946784 946784 946784 946784 946784 946784 946784 946784 946784 946784 946784 946784 946784 946784 946784 946784 946784 946784 946784 946784 946784 946784 946784 946784 946784 946784 946784 946784 946784 946784 946784 946784 946784 946784 946784 946784 946784 946784 946784 946784 946784 946784 946784 946784 946784 946784 946784 946784 946784 946784 946784 946784 946784 946784 946784 946784 946784 946784 946784 946784 946784 946784 946784 946784 946784 946784 946784 946784 946784 946784 946784 946784 946784 946784 946784 946784 946784 946784 946784 946784 946784 946784 946784 946784 946784 946784 946784 946784 946784 946784 946784 946784 946784 946784 946784 946784 946784 946784 946784 946784 946784 946784 946784 946784 946784 946784 946784 946784 946784 946784 946784 946784 946784 946784 946784 946784 946784 946784 946784 946784 946784 946784 946784 946784 946784 946784 946784 946784 946784 946784 946784 946784 946784 946784 946784 946784 946784 946784 946784 946784 946784 946784 946784 946784 946784 946784 946784 946784 946784 946784 946784 946784 946784 946784 946784 946784 946784 946784 946784 946784 946784 946784 946784 946784 946784 946784 946784 946784 946784 946784 946784 946784 946784 946784 946784 946784 946784 946784 946784 946784 946784 946784 946784 946784 946784 946784 946784 946784 946784 946784 946784 946784 946784 946784 946784 946784 946784 946784 946784 946784 946784 946784 946784 946784 946784 946784 946784 946784 946784 946784 946784 946784 946784 946784 946784 946784 946784 946784 946784 946784 946784 946784 946784 946784 946784 946784 946784 946784 946784 946784 946784 946784 946784 946784 946784 946784 946784 946784 946784 946784 946784 946784 946784 946784 946784 946784 946784 946784 946784 946784 946784 946784 946784 946784 946784 946784 946784 946784 946784 946784 946784 946784 946784 946784 946784 946784 946784 946784 946784 946784 946784 946784 946784 946784 946784 946784 946784 946784 946784 946784 946784 946784 946784 946784 946784 946784 946784 946784 946784 946784 946784 946784 946784 946784 946784 946784 946784 946784 946784 946784 946784 946784 946784 946784 946784 946784 946784 946784 946784 946784 946784 946784 946784 946784 946784 946784 946784 946784 946784 946784 946784 946784 946784 946784 946784 946784 946784 946784 946784 946784 946784 946784 946784 946784 946784 946784 946784 946784 946784 946784 946784 946784 946784 946784 946784 946784 946784 946784 946784 946784 946784 946784 946784 946784 946784 946784 946784 946784 946784 946784 946784 946784 946784 946784 946784 946784 946784 946784 946784 946784 946784 946784 946784 946784 946784 946784 946784 946784 946784 946784 946784 946784 946784 946784 946784 946784 946784 946784 946784 946784 946784 946784 946784 946784 946784 946784 946784 946784 946784 946784 946784 946784 946784 946784 946784 946784 946784 946784 946784 946784 946784 946784 946784 946784 946784 946784 946784 946784 946784 946784 946784 946784 946784 946784 946784 946784 946784 946784 946784 946784 946784 946784 946784 946784 946784 946784 946784 946784 946784 946784 946784 946784 946784 946784 946784 946784 946784 946784 946784 946784 946784 946784 946784 946784 946784 946784 946784 946784 946784 946784 946784 946784 946784 946784 946784 946784 946784 946784 946784 946784 946784 946784 946784 946784 946784 946784 946784 946784 946784 946784 946784 946784 946784 946784 946784 946784 946784 946784 946784 946784 946784 946784 946784 946784 946784 946784 946784 946784 946784 946784 946784 946784 946784 946784 946784 946784 946784 946784 946784 946784 946784 946784 946784 946784 946784 946784 946784 946784 946784 946784 946784 946784 946784 946784 946784 946784 946784 946784 946784 946784 946784 946784 946784 946784 946784 946784 946784 946784 946784 946784 946784 946784 946784 946784 946784 946784 946784 946784 946784 946784 946784 946784 946784 946784 946784 946784 946784 946784 946784 946784 946784 946784 946784 946784 946784 946784 946784 946784 946784 946784 946784 946784 946784 946784 946784 946784 946784 946784 946784 946784 946784 946784 946784 946784 946784 946784
10 154988
81998 200702 579120 75825 333197 485834 942637 207468 852762 295419
12 20
18 14 17 14 18 13 15 13 19 12 19 14
20 882942
40 186 58 31 20 42 57 170 88 191 174 94 110 187 49 28 48 94 128 161
17 22
12 15 19 19 11 14 11 15 11 10 10 17 19 20 18 17 17
11 1195
156 542 438 976 307 916 894 655 899 843 959
805 409646
12188 456663 821902 801052 657421 482839 650592 681238 524032 342354 654175 357697 389051 848794 291554 891842 30271 2899 62428 773446 313615 496558 851519 584257 964979 674705 397005 683567 774106 406490 237428 302645 863152 59330 103696 36924 58520 270639 718161 98903 612993 888687 972951 518395 253832 264504 926589 800455 783755 989016 573900 613721 1925 941770 197978 966903 616474 111334 166821 906931 34175 920601 209575 413678 979930 829622 450602 554801 616613 685114 653703 745957 573801 143005 264351 827632 923861 707291 628086 707615 696307 718337 321335 698231 660107 35664 181486 792932 146998 348306 699863 697524 268906 425789 111202 765187 771763 561803 836339 904727 246916 490041 650683 820716 149398 431385 164700 73258 138676 309137 297224 834982 543826 618558 49564 203932 170574 747401 996863 833923 612059 213077 531446 397316 155218 642647 162503 443332 204449 998841 348058 451365 5234 998740 788432 670983 430124 469483 744240 85151 294972 41463 436484 838797 176372 486048 42728 346945 749800 555942 180867 361858 285371 228665 759174 440588 871311 438028 883919 75760 953220 748328 43476 474805 747067 348259 145787 693542 817742 406378 778693 112713 964192 215176 467861 140564 217575 510588 3860 967375 582881 701079 845584 868251 929743 604757 825190 801053 559136 225460 393164 28708 973787 436639 503512 237205 784898 165651 930747 118991 572028 225791 748055 52572 440966 215915 193135 658541 726502 713346 142267 825734 414424 987850 210337 344166 108959 35526 661571 184446 777338 54734 213153 267476 7725 716665 504681 792622 398667 951779 427964 487046 177569 176018 539617 618534 391932 249103 793426 634785 962449 452044 460518 376872 956246 670854 721038 65204 222732 898960 249649 69 953693 979154 267544 961417 695818 288576 270390 610836 240354 698353 97881 417922 390722 153850 552808 782653 402952 862585 417437 365400 314629 394307 742272 270874 581512 979661 852429 804243 878620 618429 320663 348664 597582 588207 826433 809751 393134 96822 420586 633488 311527 34819 567761 702248 188668 120568 1253 591619 983153 935041 473371 814133 329347 731994 601358 910859 228006 453786 231453 106625 72214 552116 971640 669796 656674 798072 479546 49807 894894 416484 683294 722772 451302 251055 941371 156321 887974 942623 264291 871126 877664 737661 201610 723362 986006 802967 634220 214011 256752 865673 836987 845318 417788 808627 515113 74461 606698 511010 640619 17943 443845 323913 257066 411498 91319 198437 567818 979292 657411 348461 366770 535074 86121 568379 258436 72127 371346 409007 802489 628097 274679 639476 989766 208818 448102 504878 799630 571151 532240 440249 105446 492436 280513 362511 903934 888183 77299 988103 867474 734710 336563 750595 786135 939036 318974 44570 527514 690319 969929 330002 834767 760959 969477 824533 969777 933930 845762 285758 21433 894353 242358 126878 903141 39222 5740 807074 927404 599391 311528 311230 334100 648091 61824 120234 587126 897149 681156 114639 103819 651084 960992 454938 928394 930469 279470 414522 380750 641583 700280 402182 52288 458989 45411 955428 498211 51151 278853 941966 650541 590380 769547 500992 238470 831371 137577 341947 244871 335084 972937 348690 986167 933929 803627 430913 380749 599448 845434 761498 757382 545713 163680 809669 521054 725442 281448 535616 776592 76652 477581 943484 667032 247128 960827 421853 594850 98404 280152 839720 433487 253088 188409 936006 703368 508387 366918 84116 107834 212351 361966 865216 274416 41997 191236 795469 767438 989036 847436 544030 65687 325016 3865 249070 88495 481044 670923 683344 579447 951074 39416 529285 720513 227824 465290 423881 252563 348559 24348 360396 77262 386313 741963 351677 428309 449551 663497 195747 438586 27284 256128 20624 352299 776344 269694 957146 257387 456968 640489 353185 924393 679904 882470 644905 424080 864111 585137 676642 212670 125837 553389 806283 512149 811704 674311 456810 261254 337807 168908 216191 365090 425035 753166 233740 717730 22859 190885 975117 996178 347726 328301 920570 543981 727122 565475 484412 591233 666963 161053 320254 792799 230794 126536 821300 42497 800846 278109 820102 655004 447016 552644 536445 388402 305809 286536 106131 845020 477421 597599 841197 341498 442252 761767 885478 169373 843593 369890 276957 510555 47294 597210 819706 278087 240097 641005 836935 40942 435465 173388 212297 398832 726031 748741 787233 31840 35277 409715 876859 29049 523666 718055 886898 482269 996173 772375 167993 839765 658616 444950 866672 705910 558511 686377 500348 798608 843733 853635 355901 279197 27022 568198 678028 269405 833290 981612 301244 384918 907678 694454 930318 947695 928860 817215 429963 925033 105942 597956 281149 764557 559257 147820 986818 117767 350548 3518 432726 194280 373504 304979 473476 916877 389528 667855 186281 222817 165818 3876 124087 73496 698329 54404 21190 143541 387971 967505 584925 493912 565460 866073 258468 124716 530245 761638 758834 880792 281507 191560 591424 655010 496538 581251 571886 402417 249106 758167 625233 931275 762042 265671 4770 976723 836427 542312 636615 224397 509816 221539 718308 591627 603963 493127 232694 134207 254764 991527 531351 52622 699438 122774 707631 712327 704024 279517 114743 469481 554035 256328 400756 832428 521998 921877 325502 358424 980540 962116 99172 490355 700006 817479 598333 303969 310606 831026 954527 81721 338905 485877 134343 38342 125002 358325 267021 829026 154193 381763 814858 224579 154442 215613 57007 192792 653842 898860 67567 634381 377328 166739 641088 77333 984217 239420 381301 811174 586798 852180
25 196
6 3 5 5 3 2 1 5 1 5 6 6 3 31 9 6 2 9 166 8 7 6 1 5 9
10 1863622
119509 596633 214283 455469 479799 784080 401096 86212 616119 506221
14 33937
216338 713708 573285 976843 344121 501678 753232 744015 61972 753831 56840 443956 729871 694456
9 1369423
928283 964391 586338 22003 120250 991167 297199 816316 484014
14 1560073
504448 989034 9409 821514 13667 213486 976999 427690 315393 831131 168348 233100 696137 916691
17 24
18 20 13 12 17 17 16 14 18 15 10 14 12 17 15 18 17
18 1198
980 598 705 564 810 906 832 250 483 599 935 302 559 637 23 5 406 641
12 40
19 11 13 14 13 16 19 11 18 10 15 14
50 976309
450746 450747 450748 450749 450750 450751 450752 450753 450754 450755 450756 450757 450758 450759 450760 450761 450762 450763 450764 450765 450766 450767 450768 450769 450770 450771 450772 450773 450774 450775 450776 450777 450778 450779 450780 450781 450782 450783 450784 450785 450786 450787 450788 450789 450790 450791 450792 450793 450794 450795
2 2000000
1000000 999964
13 1495803
71668 24738 142919 627097 157085 267584 895510 386194 888319 240262 965664 554825 518257
2 2000000
452059 452059
10 224322
472933 928757 803948 663885 332185 356073 531397 551016 551989 286330
8 1072440
89588 313354 924498 522631 389338 225424 460214 453266
11 1916135
217523 17224 832108 362652 480474 636814 962465 259857 469987 373035 370418
3 326
213 201 120
20 37
11 16 16 10 11 13 18 18 12 15 20 13 14 18 14 17 10 13 13 20
796 88701
854438 699511 203610 793767 149937 786845 966794 670704 252667 330726 968954 995855 69924 565239 322642 743602 272097 419860 556799 946558 320594 91427 431845 274158 996454 752429 631364 510083 146240 466811 327508 517029 682673 531117 827147 832610 317961 793941 19665 86979 641018 988618 599185 227293 70208 921826 970894 858656 858038 44045 805213 178631 135471 237058 969140 648276 505838 116855 158358 168429 100017 485865 201809 782690 533334 28955 615299 367646 339247 151315 454625 980264 656284 53809 207556 726491 491987 694802 585146 350024 738846 906710 45006 390668 660119 530497 38944 682308 647351 713653 850736 747367 715870 568896 530056 249203 597851 661706 616848 937097 813020 587824 433713 469303 641633 157620 712145 649971 852421 813642 999994 107618 720352 44999 498286 896822 91847 53581 579130 739197 767233 946217 2915 483102 515113 49323 248656 629315 227380 381856 566411 556752 969679 516475 542406 127663 674095 254551 777633 42867 68192 293978 150485 304895 855328 648770 718069 947174 218702 813550 202722 985934 759766 205637 985388 791230 254959 750395 420544 998690 132250 503307 555441 618281 19781 97847 745943 210227 352397 39928 253094 936940 333905 403578 758187 189233 568699 992607 136406 787400 806156 855480 289685 82273 61116 791424 873503 832426 541819 810398 831115 674068 830056 386556 808700 849837 754 554643 60063 869502 594570 829508 806441 444826 233085 80979 634058 318135 73585 286816 621886 879740 142295 911571 478365 719762 702994 868219 68539 761164 678616 899653 951584 508672 802560 760283 874860 803313 314925 451274 189166 425846 280782 995607 870672 30218 592937 21081 864705 666522 307896 486590 62613 966542 914512 540977 202655 133858 409195 271193 895021 604163 687198 846604 629186 489757 606887 20397 809422 438163 471670 998587 864009 268803 510545 251032 815373 619834 272112 680077 286355 96360 166666 865319 579253 81178 922648 781908 731387 848194 53100 626407 968708 740297 989363 597893 746406 596249 134641 72179 550763 122663 587117 931123 391465 614014 182154 206837 233847 970618 886913 36553 66977 569931 901871 162581 167460 340870 944488 898846 189064 513940 525252 157771 770588 514614 272016 33345 627214 406656 621875 694329 529318 208992 625451 437135 339357 807605 160323 573203 294574 563588 609755 877902 133518 27977 40482 300977 368847 501322 199822 74262 15261 241425 232032 302200 272391 20399 851897 899604 943407 473771 593932 989076 199114 219383 426210 538470 543339 102885 628024 354264 666472 754130 232165 799989 298459 272646 617317 183657 773967 817138 257918 305579 574914 6301 124131 847304 26700 976027 746908 970106 966149 857191 959181 681615 592925 901743 220084 652615 4627 364460 6878 671098 634941 239042 987438 933399 28040 121106 117055 802006 938243 374972 623937 29508 381273 748067 876812 924324 240445 140071 410781 206593 513613 886313 888207 106538 788055 624643 275504 309033 505454 282382 496482 140394 37775 271 73793 65814 121376 190847 384172 575970 82171 8108 605478 979795 272526 482289 904118 29322 138711 831250 752266 652323 717562 156825 275212 21969 297819 550716 847353 803272 349449 343835 943665 903575 344105 533809 969389 981833 241008 869912 557802 839530 394371 163279 819324 183248 161919 239793 212569 300629 71042 964834 469304 304955 638010 744515 843275 935828 811582 690628 739099 161030 550814 199116 580957 411270 249276 66697 393102 6635 936608 950904 846164 847330 114182 665487 30577 792453 905279 759497 93081 492672 240682 78736 313979 878692 823251 157253 814519 151184 847880 69970 828566 915045 785437 409522 326315 34712 476218 719416 41347 929177 670319 887510 776506 300853 69349 323434 93305 490979 82930 702737 983651 323611 781473 297629 718654 604723 971233 533173 272258 335465 119494 100823 250509 904930 510344 576823 939641 986561 296239 497339 432089 966557 901201 208594 267409 970549 532027 360713 977879 131308 579802 961529 454919 361274 775509 689924 482348 263094 223096 754605 598558 342589 855428 849066 763870 365771 425889 219863 868684 238479 717201 300772 205035 134753 25718 988796 105301 74096 865860 83180 205404 445661 561060 176674 806934 852921 866597 805633 116014 606045 560238 230923 948633 415665 79988 228855 781435 22228 448717 166470 260706 165917 467242 982093 300670 9311 487240 922322 83406 869451 521853 288809 831464 599265 465482 154749 452185 848431 960382 84550 454475 520619 315472 919459 936283 911811 148313 234069 934039 597029 916891 711096 279298 900484 209540 96319 909794 213131 18640 993199 82582 56845 798360 914045 656109 780193 68793 624645 628623 29174 225546 83097 549792 541017 518908 2426 969179 667220 752847 419569 780601 669737 130665 59898 570220 856556 156216 480013 69687 691207 989563 152268 264403 787922 582664 920511 568115 651456 61507 196737 196982 287052 796186 263125 344420 315093 781903 313599 498664 534749 733167 279264 204485 380183 339161 291056 753091 11728 287420 822777 702935 276982 491396 483689 581256 590411 404200 149370 241866 465706 862458 955199 269110 174995 218324 613529 490087 226 927127 505103 51326 176646 784366 255810 556828 639879 63217 309918 651606 350636 649046 870892 143969 140441 354581 725224 730851 275132 390945 489069 257189 253403 960619 526298 428397 178942 139827 434836 695519 583305 939938 746844 759950 240655 519005 833130 880533 582221 143047 532139 449208 308445 919382 109529 448885 273962 834752 696088 549093 225697 701508 806282 995451 662126 848931 940199 357420 988757 891386 52938
10 938586
977003 270429 795586 378736 914474 952555 812249 749623 488174 899271
16 136
44 44 44 44 44 44 44 44 44 44 44 44 44 44 44 44
8 1993700
196634 64059 496071 76339 866713 45772 933244 917876
5 2000000
1 1 1 1 1
12 22
10 20 14 19 12 13 18 13 18 15 15 12
14 20
17 11 20 20 16 19 12 20 17 14 15 11 12 10
11 39
17 10 11 14 16 19 17 13 15 18 20
10 1802
928 140 683 975 228 905 762 495 489 500
16 23
10 13 13 18 10 13 18 13 16 14 15 11 20 20 13 11
7 34094
104191 583546 253503 180167 805667 895095 244430
13 1122
278 249 458 508 368 621 626 850 316 327 145 57 284
3 459
113 319 187
13 1222582
95695 376265 84855 687871 709461 570688 630507 433280 939801 442278 103546 978994 313052
3 374
263 315 180
3 540
332 126 152
13 1048871
873634 935184 866297 704373 509656 509051 996624 866946 306956 707628 860880 700069 723161
20 1706
304 747 231 803 32 309 515 749 44 203 891 92 626 682 491 333 735 669 34 371
9 382360
728535 554415 782150 301819 531257 126270 803496 800841 386637
10 1191090
304681 365340 949046 107004 740806 636964 537632 225823 948858 456160
12 1447474
864744 590871 488198 142390 337594 310488 88282 538492 44697 522484 180422 658433
3 346
273 181 312
19 24
13 14 18 14 12 11 17 13 17 15 13 17 15 11 18 20 12 17 15
9 613177
107301 777017 288326 248850 572645 620790 961087 515131 902885
19 1521
686 468 609 351 370 95 770 619 591 860 83 832 23 507 705 92 999 878 725
19 1578
296 390 957 576 950 745 789 373 832 604 394 977 781 604 869 759 673 838 109
11 1551
813 571 34 28 372 718 428 136 819 40 721
18 32
13 13 15 18 11 17 19 17 20 16 13 18 11 12 14 15 17 17
10 1983303
35774 351161 702480 195917 238581 673256 779272 447243 263395 399506
25 615132
327497 139157 734231 972413 847918 529130 775300 61914 324467 717136 810065 441973 576671 903686 950790 445846 39442 219034 272651 643270 499023 287630 534060 698625 263306
18 2067
596 231 402 33 206 61 300 452 715 551 294 26 947 186 36 395 16 188
8 1081075
82368 963533 551378 420233 977200 764863 397232 404889
8 1939312
383151 787628 270246 630262 767527 134386 619546 696284
9 1495005
490770 920744 526819 247706 797589 4214 707795 180740 308193
26 907525
168881 675211 956475 308038 925794 928887 672307 454923 220538 250572 295742 937674 60636 254066 30696 964321 204855 992894 3763 40181 265544 163384 955614 834965 697443 867343
738 856369
406409 477132 260610 499643 975366 849257 551590 418199 940949 275269 132225 972526 254859 535914 919763 294269 364300 703083 717827 74992 576275 936071 420233 668138 681708 850976 554553 764522 962188 807873 936541 884948 801356 713503 900942 293074 562759 968884 711272 503708 244152 843496 476233 15362 895761 912348 825983 776412 131782 543809 851403 708056 996231 787987 376194 194290 638962 930746 475163 117501 254970 411703 518801 572678 125205 419742 865751 204316 388625 93374 708023 149128 936870 700607 164490 832630 612954 506824 125394 261087 50632 976796 969143 563214 764783 861688 757503 920096 308785 232665 553949 80107 160719 72749 652784 802276 492490 518534 6591 397467 611907 230965 546594 65128 931571 227435 414110 60877 734258 539503 321963 301241 32650 807457 864454 797432 669144 138308 233880 977929 887324 787828 58035 48043 860576 227170 850318 869417 262055 373260 783235 873961 604224 846181 455441 535794 589967 385902 113022 324225 441756 434985 141817 990757 242441 522623 304541 427937 660930 538420 405865 548254 842599 980251 112648 219526 207420 479317 605294 469474 852576 388529 859786 456799 234709 831578 508944 824675 733831 621966 665251 175586 573302 323420 682695 332094 846042 987235 760030 506971 525654 682246 571576 884604 662496 684223 104129 869915 679891 709422 855740 532466 97950 715526 505616 849010 63455 530912 673685 797286 669229 855287 489223 242530 178706 171917 90975 24747 159151 851005 48070 201156 533250 619645 85759 712098 820220 189887 98364 500110 415661 954104 548928 29962 185981 54543 878972 249435 585454 69008 563072 254682 924294 52295 13563 619352 224211 104538 644098 383362 471894 208519 584517 5143 828164 186628 233592 164735 892866 331956 664844 308526 286059 213771 338488 988391 784666 733811 754177 886471 802818 317249 657505 243463 369543 671067 862814 593753 291956 23264 493466 763849 231782 594335 285344 576297 780962 518935 741031 190179 367242 405875 498705 169652 135997 353544 158042 437014 87354 912219 323485 406523 229467 980989 649985 115361 168407 29151 225465 460363 52414 718931 740563 800547 829617 25906 376844 126930 61193 117874 317108 428434 40100 815812 598086 176097 169355 272479 129462 773060 184697 452946 695934 930515 950286 345919 562227 118693 891421 787692 95407 460186 22974 835969 260732 852590 861875 637575 979519 923067 271801 296626 867852 311900 112438 465937 4348 798144 738416 133810 87556 439464 103107 783489 886331 53393 645759 448557 688437 537179 236248 783843 513716 259221 619811 774448 628162 481685 928374 607680 921103 200174 904306 788955 28426 533095 771243 549125 847590 26010 682934 451497 465474 302393 751338 868156 355785 397096 316712 560573 450627 69312 344415 964342 328532 964225 255141 956694 962262 699867 80725 883364 900040 501382 188670 444817 34476 476265 993942 398418 502274 193227 849914 484099 495619 601251 352254 367755 514699 185318 928327 481677 254629 272741 446018 583160 753318 217511 56205 715579 917377 653282 115294 333768 154663 820316 778585 705491 296580 288878 103908 315205 998456 470173 315656 494075 587776 667909 378181 618826 853226 822860 100502 624206 611952 62871 723718 365269 280381 779922 80847 197757 949555 712493 531525 104218 532808 826461 809708 345739 631690 429967 660943 630145 416491 976598 640571 520618 160859 18752 139443 530436 357963 239944 154642 969914 819167 394711 335183 99547 690984 932381 813656 640539 161225 861532 744756 694032 687992 70815 39770 836033 17133 217065 466177 433623 710014 106748 954241 387224 641851 610035 434012 999813 366331 105005 969726 185497 499715 821260 285043 190698 269993 98698 831236 431217 476581 92343 641601 164572 679509 197722 516956 696641 931138 983133 646616 641152 89880 117208 544727 248082 727242 978738 247894 93572 83742 733971 795420 99808 555231 80463 290506 341575 695512 121741 289143 172093 730436 447095 853016 409944 644817 369972 622937 575954 869456 269552 733457 475687 386759 278184 723768 630352 773273 971661 240276 857015 705631 35695 956822 777213 632509 763679 635139 844373 401772 440634 532817 132207 887728 902184 58502 48896 272155 681438 141202 657962 950989 874658 133648 854099 669193 857415 484451 442466 345427 724726 815832 567410 276772 289005 860974 909281 52684 496113 753653 454455 936746 286469 103013 340825 188652 161514 389721 977159 842952 47274 151472 310292 921931 285120 164391 107476 658886 648841 66293 4313 889918 882124 88074 166689 687480 949047 592321 740163 445159 862325 710969 898256 665145 330333 239081 370149 8199 145153 863659 851150 192426 15130 677793 630708 816601 842183 738183 475487 7375 804475 996151 897292 202950 84224 580333 890430 33270 689005 146944 994781 551330 374265 893036 216474 220949 648468 102974 229147 793620 966632 596648 502397 981762 274441 133105 314714 116623 387639 790200 640350 708466 302702 53993 427767 386925 634325 834548 936547 323330 497844 931327 391011 872108 340714 123836 609408 989182 226810 838555 299153 193441 951554 801550 691554 225994 451006 6268 858969 354996 312819 499318 579813 615521 553310 7580 518797 703987 842127 455343 543668
3 602
228 158 405
4 100
80 70 60 50
4 20
10 5 10 16
3 378
126 126 127
7 1698754
283012 25318 410401 510530 464059 187771 8476
87 2000000
1000000 1000000 1000000 1000000 1000000 1000000 1000000 1000000 1000000 1000000 1000000 1000000 1000000 1000000 1000000 1000000 1000000 1000000 1000000 1000000 1000000 1000000 1000000 1000000 1000000 1000000 1000000 1000000 1000000 1000000 1000000 1000000 1000000 1000000 1000000 1000000 1000000 1000000 1000000 1000000 1000000 1000000 1000000 1000000 1000000 1000000 1000000 1000000 1000000 1000000 1000000 1000000 1000000 1000000 1000000 1000000 1000000 1000000 1000000 1000000 1000000 1000000 1000000 1000000 1000000 1000000 1000000 1000000 1000000 1000000 1000000 1000000 1000000 1000000 1000000 1000000 1000000 1000000 1000000 1000000 1000000 1000000 1000000 1000000 1000000 1000000 1000000
15 1167
20 883 847 469 170 298 232 965 637 121 347 842 945 722 699
19 1973
964 143 155 519 591 476 175 821 414 478 567 997 632 598 305 146 698 700 701
18 33
10 20 19 17 13 11 19 18 20 20 12 20 15 13 17 12 15 16
20 1466
980 228 728 852 246 539 490 314 903 135 68 898 145 91 112 242 164 73 522 718
11 25
14 11 11 20 18 14 16 19 13 14 10
3 450
149 150 150
16 1766
584 883 721 134 529 98 432 714 485 826 729 25 697 548 998 352
13 23
10 14 10 20 19 13 15 17 20 17 17 20 10
3 483
162 161 161
93 1385808
4084 20726 35671 43675 44319 52780 56299 59925 69705 104434 126458 143732 144127 145075 155339 166549 177421 199283 217049 220532 226727 232419 232602 242204 243981 261731 264820 275739 278545 283342 295929 296740 303510 327549 343267 344648 346133 348666 369099 372862 386065 399802 413255 418036 421533 428119 437201 445556 461228 474364 493168 493762 498258 529402 584773 602691 626029 649971 665027 666573 669763 670712 676371 680257 691532 705522 711251 730859 731866 746049 761450 766879 775340 781381 787884 797251 802230 832690 849902 852907 859366 874482 892629 892898 903293 920499 958166 962602 978265 985610 987457 988789 991540
10 1268
296 279 762 811 34 78 939 824 35 88
33 1351548
453777 454731 456109 455897 455155 453459 454837 454625 452929 454095 454519 453247 454307 456003 455049 455791 453565 454413 453671 455261 455473 455367 455579 453989 452823 454201 452717 454943 453883 453353 455685 453035 453141
48 1324085
787018 709815 971425 712736 734769 843476 740916 771946 775482 941018 755787 994174 932004 736959 755772 848415 833211 791918 938605 789455 749851 730809 826854 721583 915527 721352 761113 789389 768775 792595 981503 766385 935734 946814 793232 743836 907275 990775 899712 972759 880033 614270 871442 833544 964681 923239 840709 802765
547 172150
695304 169393 563288 798996 554810 46331 369296 307563 626710 556436 580207 96217 394061 773844 246378 24967 280481 37820 453094 888322 18923 984803 621287 177913 558352 603317 60784 696075 318176 574610 59374 13479 260354 622661 328826 331515 668992 214473 639077 812053 770909 219284 424621 681321 509479 670998 706288 306311 225169 159381 194632 760444 660536 815918 938356 218887 935586 515491 914961 253761 606452 490687 783592 383157 113347 112417 714672 298690 326890 353748 110742 614150 573031 535363 295470 598861 722712 518109 905171 464233 677490 99802 224676 338025 432071 679383 73263 367657 194873 504576 137769 801324 995262 921360 184480 108608 550129 899151 923650 393370 769251 34391 7519 858633 86105 819340 457494 325169 337449 362664 789401 531290 978818 14076 869314 410888 209810 458928 294896 404682 963503 949017 722357 958764 870376 423188 67372 936856 838691 507373 330225 607941 58115 854095 466573 144220 673435 440418 985740 527235 319434 291492 58524 298251 821919 444189 225490 31728 419468 36738 952761 382971 985754 675117 341734 372481 98304 925457 309337 936994 432829 639561 61286 490944 10008 527859 151515 199794 484628 653606 727028 804061 945097 301903 102311 767015 262443 844153 798742 681910 880890 751502 64880 866643 942970 922966 239123 557625 848422 64811 494619 797603 220724 72256 804898 230731 116466 956412 430524 601094 126369 673903 405154 71465 975805 507465 838479 238247 867969 153572 920156 748858 421425 501388 131852 364394 424353 887326 922018 272774 952137 932988 586728 172860 521596 391625 403590 638061 348036 350465 239154 474404 24367 644308 62220 171 668124 900698 754769 536092 570621 191276 801301 992045 692663 933152 872790 117015 820477 311160 906141 772613 760499 492868 461824 282094 884493 381765 920155 748880 732229 675660 739636 272947 836319 801855 273117 20794 218905 544237 73237 789525 735513 874537 297922 428175 324040 687063 61542 144517 998222 967682 433481 275073 460549 411657 557166 861393 793421 993672 610273 42002 669332 349908 314948 22002 668114 104417 42796 887018 648653 116032 192895 384165 990569 7168 328692 314608 210582 390233 975476 208804 357914 925309 228 334814 336965 73745 196207 130385 67417 322831 172386 253100 189090 3686 275101 857203 108102 317896 260573 756754 433928 969819 657271 940848 976986 502314 771807 187567 892546 263635 912722 766811 188943 429301 101624 525907 503046 814182 172643 570462 653364 861381 339913 358805 865066 131365 216008 973167 449261 992932 246272 399540 479102 419894 856739 972439 922207 628545 676357 331104 408531 589079 97914 597473 534731 715890 123379 37776 46423 296022 124589 699787 157402 464501 58591 538819 595866 790950 511985 561478 300233 274608 477369 779334 210854 334107 751772 133060 479003 428129 464164 887534 533559 78429 485006 68289 794318 124737 106065 840741 937110 230653 56879 610863 211506 115469 149681 807371 422771 178017 885200 723003 452624 362568 502337 663477 213026 254108 312889 692028 198588 293404 95913 732146 371832 97271 800435 682502 222007 906499 523242 675468 653503 580120 286330 865008 211940 436010 188730 634710 614026 590281 874065 66649 952848 376401 246478 682225 146860 75718 374253 345448 885473 986517 77593 773656 83787 394379 456157 822145 817229 495750 497612 470732 75869 783941 852091 804161 736302 557173 438870 350327 147453 829286 933328 616653 205686 696157 298877 868898 288226 189481 730697 173698 692350 808289 947353 292488 719020 919862 630985 536248 415611 128596 6979 7832 428889 375422 811992 681542 448946 767213 31869 596398 596499 965196 729402 318536 177704 544631 187433 465929 250463 434481 639626 942812 242770 103330 751652 478141 539543 382636 14388 955154 27583 21367 962985 972823 913140 291328 654365 362085 574892 686233 474834
13 298612
887421 454424 583356 692311 590140 103882 535007 76980 790163 111339 469358 940701 272183
15 29
13 17 20 13 20 12 18 11 17 13 18 10 19 12 10
14 1279
671 15 199 939 592 450 288 452 764 443 988 537 383 853
16 33
11 17 19 14 20 15 19 18 19 10 16 16 20 12 20 12
19 26
12 10 12 10 13 15 11 11 18 18 13 18 14 13 15 10 14 10 10
9 1189264
917708 865007 231992 326533 88438 504542 987945 29476 905356
20 33
14 13 12 11 11 18 15 12 16 15 12 16 13 14 15 10 15 16 15 15
14 1162185
578961 325365 952386 281415 249064 906471 164943 521879 692535 992051 161242 604405 200444 623684
16 1741
597 234 928 641 372 119 112 998 128 327 695 555 968 982 973 738
16 38
11 19 16 17 13 18 19 18 15 11 15 10 18 13 13 20
14 1234
590 641 129 636 622 198 915 761 232 889 988 136 3 835
3 498
158 294 377
20 40
11 17 20 20 12 11 11 11 19 14 17 13 17 10 10 19 12 18 20 13
7 1895099
75720 628778 946898 288355 83462 263032 833174
10 1277460
899518 490702 831801 601215 665397 341304 113726 59442 160506 975407
11 1255
242 848 331 222 152 975 414 51 201 8 335
14 22
12 18 19 18 16 11 10 11 12 10 19 12 11 17
0 0
