253942
356456
1288996
568332
838076
753318
1694
1178121
455008
954567
1239
559821
820367
1093
604
827468
443443
1303183
1722
1134895
1745
296
29
27
1365281
26
1640
1658790
99
1282
NONE
1484603
960351
1341
39
450986
22
1710800
34
1642
NONE
1800000
22
81
1167
388
1189309
1228765
NONE
NONE
1158112
1220
24
NONE
1284666
1460
1658049
30
1450
2
36
1574
1399
NONE
1666772
1647856
1494963
1326978
1152
10
1679189
1621
889322
NONE
38
309090
961971
1605345
12
545592
1627255
279
1550
127
1456877
26
1314141
1553250
827209
1785
1477423
795103
28
NONE
1698319
31
927378
25
40
1579
NONE
1346085
1798871
9597
507040
NONE
35
1423
1675
NONE
1034882
1439
NONE
652947
NONE
28310
1301
840525
1464820
2000000
1007035
34
72877
1669680
1859769
1785854
693925
1514622
1532103
NONE
1156
1320111
38
1261
1070217
1471
1955
1644008
38
1160
678648
NONE
20
23
432444
35
1305167
436549
1642023
2
1487746
NONE
720148
38
1260
1125565
850411
1512341
29
1121826
27
1152264
28
1440203
163964
32
2774
873313
30
256857
35
1220825
1671
1232525
1258
21
1893568
NONE
NONE
378
22
1150
409646
175
1400199
NONE
1300330
1527268
24
1197
38
901589
1999964
1483921
904118
NONE
1014086
1794573
321
37
88666
866910
88
1851120
2
22
NONE
39
1737
23
NONE
1099
432
1201195
NONE
484
1030117
1694
NONE
1174869
1403236
NONE
24
537176
1518
1577
1540
32
1481752
615127
1662
1059568
1555155
1447563
907524
856366
563
NONE
20
253
974589
2000000
1145
1961
33
1446
25
300
1727
23
323
1385797
1235
912112
1324085
172100
215221
29
1276
33
26
1149700
33
1156994
1736
38
1231
452
40
1780072
1266612
1217
22
